# Age    [M/H]     CN1    CN2  Ca4227    G   Fe4383 Ca4455 Fe4531  C4668   Hb   Fe5015   Mg1    Mg2    Mgb  Fe5270 Fe5335 Fe5406 Fe5709 Fe5782   NaD   TiO1   TiO2    HdA    HgA     HdF   HgF   D4000   CaT*   PaT    CaT    sTiO   MgI    D_CO
#===============================================================================================================================================================================================================================================
 0.0631 -2.3152  -0.331 -0.256 -0.500 -3.941 -2.522 -0.164 -0.851  2.000  6.849 -0.001  0.022 -0.006  0.046 -1.520  0.099 -0.112  0.030 -0.381  1.000  0.013 -0.006  9.239  9.350  7.752  7.670  1.043  0.296  5.738  5.632  0.942 -0.139  1.060
 0.0708 -2.3152  -0.344 -0.269 -0.503 -3.908 -2.511 -0.164 -0.855  2.012  6.812 -0.004  0.023 -0.006  0.049 -1.525  0.098 -0.113  0.031 -0.381  0.995  0.013 -0.006  9.186  9.279  7.724  7.639  1.062  0.306  5.893  5.787  0.944 -0.139  1.060
 0.0794 -2.3152  -0.354 -0.280 -0.492 -3.926 -2.518 -0.160 -0.819  1.932  6.845  0.026  0.021 -0.005  0.071 -1.488  0.103 -0.108  0.029 -0.377  0.980  0.013 -0.006  9.090  9.163  7.677  7.588  1.075  0.315  6.039  5.932  0.945 -0.140  1.060
 0.0891 -2.3152  -0.347 -0.273 -0.496 -3.887 -2.501 -0.159 -0.826  1.954  6.794  0.020  0.021 -0.005  0.077 -1.495  0.103 -0.109  0.030 -0.377  0.975  0.013 -0.006  9.058  9.117  7.655  7.563  1.094  0.314  6.154  6.037  0.946 -0.141  1.059
 0.1000 -2.3152  -0.329 -0.258 -0.506 -3.843 -2.489 -0.160 -0.853  2.019  6.737 -0.003  0.022 -0.005  0.078 -1.524  0.104 -0.111  0.032 -0.378  0.973  0.013 -0.006  9.088  9.180  7.658  7.583  1.108  0.304  6.297  6.159  0.947 -0.142  1.059
 0.1122 -2.3152  -0.320 -0.250 -0.501 -3.804 -2.479 -0.156 -0.837  1.995  6.692  0.012  0.022 -0.004  0.098 -1.503  0.111 -0.106  0.033 -0.374  0.962  0.013 -0.006  8.971  9.095  7.584  7.529  1.127  0.305  6.328  6.190  0.948 -0.140  1.058
 0.1259 -2.3152  -0.311 -0.242 -0.494 -3.789 -2.455 -0.150 -0.811  1.947  6.695  0.037  0.021 -0.003  0.097 -1.469  0.121 -0.099  0.035 -0.367  0.949  0.013 -0.006  8.704  8.795  7.472  7.406  1.143  0.316  6.297  6.172  0.948 -0.136  1.058
 0.1413 -2.3152  -0.305 -0.236 -0.517 -3.737 -2.459 -0.157 -0.878  2.106  6.602 -0.019  0.023 -0.005  0.060 -1.539  0.113 -0.108  0.039 -0.374  0.966  0.013 -0.006  8.704  8.800  7.484  7.414  1.163  0.347  6.347  6.249  0.950 -0.135  1.058
 0.1585 -2.3152  -0.370 -0.128 -0.324 -1.661 -1.219  0.046  0.119  1.089  4.356  1.127 -0.005 -0.001 -0.272 -0.166  0.473  0.221  0.206 -0.124  1.597  0.005 -0.008  7.778  6.290  6.127  5.622  1.256  4.062  2.102  6.017  0.982  0.156  1.087
 0.1778 -2.3152  -0.364 -0.129 -0.315 -1.719 -1.222  0.053  0.147  1.063  4.408  1.157 -0.004  0.001 -0.250 -0.140  0.489  0.234  0.210 -0.117  1.627  0.005 -0.008  7.878  6.400  6.176  5.672  1.278  4.099  2.085  6.038  0.983  0.158  1.089
 0.1995 -2.3152  -0.350 -0.119 -0.306 -1.764 -1.217  0.061  0.178  1.036  4.447  1.190 -0.004  0.003 -0.223 -0.111  0.506  0.247  0.213 -0.110  1.660  0.005 -0.008  7.973  6.536  6.211  5.724  1.298  4.138  2.060  6.054  0.985  0.159  1.091
 0.2239 -2.3152  -0.350 -0.126 -0.296 -1.798 -1.216  0.068  0.208  1.011  4.481  1.223 -0.004  0.005 -0.208 -0.083  0.524  0.261  0.217 -0.103  1.695  0.006 -0.007  8.061  6.649  6.240  5.766  1.317  4.183  2.027  6.068  0.986  0.162  1.092
 0.2512 -2.3152  -0.349 -0.134 -0.286 -1.828 -1.211  0.077  0.238  0.995  4.506  1.257 -0.004  0.007 -0.181 -0.052  0.544  0.277  0.221 -0.095  1.734  0.006 -0.007  8.114  6.716  6.280  5.805  1.335  4.238  1.992  6.091  0.988  0.165  1.094
 0.2818 -2.3152  -0.351 -0.152 -0.269 -1.776 -1.176  0.090  0.295  0.950  4.458  1.315 -0.004  0.009 -0.164  0.003  0.569  0.297  0.226 -0.085  1.786  0.006 -0.006  8.146  6.696  6.240  5.760  1.350  4.312  1.921  6.098  0.989  0.171  1.096
 0.3162 -2.3152  -0.343 -0.170 -0.279 -2.031 -1.322  0.072  0.214  1.009  4.706  1.230 -0.002  0.009 -0.122 -0.092  0.546  0.275  0.214 -0.099  1.726  0.006 -0.006  8.368  7.102  6.428  6.002  1.354  4.164  2.084  6.102  0.988  0.161  1.096
 0.3548 -2.3152  -0.331 -0.164 -0.279 -2.152 -1.398  0.064  0.183  1.019  4.839  1.189 -0.001  0.009 -0.094 -0.139  0.533  0.264  0.206 -0.107  1.681  0.007 -0.006  8.474  7.313  6.525  6.135  1.365  4.083  2.166  6.097  0.987  0.157  1.096
 0.3981 -2.3152  -0.319 -0.157 -0.277 -2.258 -1.480  0.056  0.155  1.036  4.950  1.156 -0.001  0.010 -0.056 -0.180  0.522  0.254  0.199 -0.113  1.650  0.007 -0.005  8.490  7.463  6.625  6.269  1.375  4.038  2.238  6.119  0.986  0.154  1.096
 0.4467 -2.3152  -0.301 -0.151 -0.310 -2.476 -1.723  0.022 -0.021  1.222  5.160  0.980  0.003  0.008 -0.037 -0.370  0.472  0.208  0.180 -0.143  1.557  0.008 -0.006  8.423  7.608  6.755  6.445  1.381  3.868  2.430  6.128  0.984  0.143  1.095
 0.5012 -2.3152  -0.288 -0.144 -0.338 -2.603 -1.909 -0.004 -0.158  1.392  5.277  0.845  0.006  0.006 -0.025 -0.519  0.433  0.173  0.167 -0.166  1.490  0.008 -0.006  8.533  7.782  6.819  6.531  1.396  3.805  2.495  6.126  0.982  0.140  1.095
 0.5623 -2.3152  -0.279 -0.140 -0.323 -2.647 -1.904 -0.001 -0.131  1.315  5.348  0.854  0.005  0.006 -0.010 -0.509  0.430  0.170  0.162 -0.168  1.452  0.008 -0.006  8.665  7.906  6.863  6.575  1.407  3.742  2.547  6.111  0.980  0.138  1.094
 0.6310 -2.3152  -0.269 -0.134 -0.307 -2.656 -1.886  0.003 -0.103  1.241  5.384  0.865  0.004  0.007  0.019 -0.495  0.428  0.169  0.157 -0.168  1.417  0.008 -0.006  8.763  7.995  6.875  6.592  1.418  3.686  2.585  6.090  0.979  0.136  1.093
 0.7079 -2.3152  -0.259 -0.127 -0.291 -2.664 -1.882  0.006 -0.075  1.180  5.409  0.880  0.003  0.008  0.039 -0.477  0.430  0.170  0.155 -0.167  1.397  0.008 -0.006  8.853  8.057  6.895  6.605  1.429  3.663  2.597  6.078  0.978  0.137  1.093
 0.7943 -2.3152  -0.246 -0.120 -0.284 -2.734 -1.916  0.005 -0.084  1.158  5.505  0.856  0.003  0.008  0.066 -0.506  0.422  0.161  0.148 -0.172  1.339  0.009 -0.006  8.929  8.187  6.938  6.668  1.435  3.531  2.712  6.053  0.975  0.129  1.092
 0.8913 -2.3152  -0.236 -0.116 -0.268 -2.728 -1.894  0.010 -0.057  1.089  5.522  0.867  0.003  0.009  0.116 -0.493  0.424  0.161  0.144 -0.172  1.308  0.009 -0.005  8.995  8.236  6.942  6.673  1.450  3.483  2.757  6.047  0.973  0.129  1.091
 1.0000 -2.3152  -0.223 -0.111 -0.252 -2.626 -1.799  0.021 -0.019  1.001  5.449  0.884  0.002  0.010  0.184 -0.464  0.433  0.164  0.142 -0.168  1.261  0.009 -0.005  8.873  8.046  6.839  6.553  1.461  3.413  2.765  5.985  0.970  0.125  1.090
 1.1220 -2.3152  -0.207 -0.100 -0.209 -2.124 -1.508  0.049  0.115  0.788  4.997  0.986 -0.001  0.012  0.225 -0.320  0.458  0.182  0.150 -0.155  1.240  0.009 -0.005  8.380  7.223  6.373  6.013  1.474  3.441  2.387  5.661  0.967  0.133  1.088
 1.2589 -2.3152  -0.203 -0.080 -0.144 -1.241 -1.054  0.096  0.350  0.522  4.200  1.187 -0.004  0.014  0.167 -0.068  0.504  0.223  0.171 -0.129  1.294  0.009 -0.004  7.556  5.879  5.553  5.096  1.503  3.637  1.713  5.231  0.968  0.151  1.086
 1.4125 -2.3152  -0.178 -0.080 -0.147 -1.534 -1.255  0.066  0.202  0.583  4.488  1.019 -0.001  0.013  0.192 -0.226  0.459  0.177  0.145 -0.160  1.164  0.010 -0.004  7.648  6.461  5.666  5.370  1.477  3.166  1.897  4.931  0.962  0.128  1.082
 1.5849 -2.3152  -0.174 -0.078 -0.125 -1.348 -1.150  0.074  0.238  0.496  4.367  1.031 -0.002  0.012  0.169 -0.197  0.460  0.174  0.142 -0.160  1.122  0.010 -0.003  7.515  6.307  5.469  5.203  1.481  3.049  1.799  4.722  0.960  0.127  1.080
 1.7783 -2.3152  -0.167 -0.073 -0.102 -1.158 -1.043  0.087  0.279  0.436  4.241  1.053 -0.002  0.012  0.136 -0.154  0.473  0.181  0.144 -0.155  1.092  0.010 -0.003  7.316  5.896  5.297  4.975  1.491  2.977  1.681  4.540  0.958  0.128  1.079
 1.9953 -2.3152  -0.162 -0.072 -0.085 -1.143 -1.041  0.088  0.280  0.411  4.253  1.040 -0.002  0.013  0.186 -0.160  0.473  0.178  0.141 -0.158  1.067  0.010 -0.003  7.293  5.831  5.282  4.941  1.495  2.888  1.679  4.449  0.956  0.127  1.078
 2.2387 -2.3152  -0.158 -0.070 -0.067 -1.078 -1.012  0.092  0.298  0.369  4.215  1.044 -0.002  0.014  0.228 -0.147  0.475  0.178  0.139 -0.158  1.049  0.011 -0.003  7.253  5.715  5.238  4.864  1.503  2.852  1.656  4.393  0.955  0.127  1.077
 2.5119 -2.3152  -0.154 -0.070 -0.056 -1.127 -1.030  0.091  0.284  0.359  4.273  1.017 -0.002  0.014  0.266 -0.169  0.472  0.173  0.133 -0.162  1.017  0.011 -0.003  7.282  5.789  5.280  4.907  1.504  2.739  1.722  4.340  0.953  0.125  1.075
 2.8184 -2.3152  -0.151 -0.069 -0.035 -1.003 -0.947  0.098  0.311  0.307  4.173  1.027 -0.002  0.015  0.300 -0.146  0.479  0.176  0.132 -0.160  0.999  0.011 -0.003  7.131  5.624  5.159  4.762  1.508  2.714  1.676  4.272  0.952  0.126  1.074
 3.1623 -2.3152  -0.149 -0.069 -0.016 -0.907 -0.873  0.100  0.327  0.252  4.097  1.025 -0.002  0.015  0.308 -0.138  0.477  0.172  0.128 -0.164  0.982  0.011 -0.003  7.052  5.426  5.087  4.650  1.517  2.670  1.660  4.214  0.950  0.126  1.073
 3.5481 -2.3152  -0.146 -0.068  0.006 -0.752 -0.780  0.110  0.358  0.195  3.974  1.037 -0.003  0.016  0.351 -0.111  0.485  0.175  0.127 -0.162  0.963  0.011 -0.003  6.868  5.125  4.949  4.470  1.526  2.635  1.602  4.125  0.949  0.128  1.072
 3.9811 -2.3152  -0.143 -0.068  0.032 -0.553 -0.680  0.116  0.392  0.119  3.810  1.048 -0.003  0.018  0.391 -0.084  0.487  0.175  0.124 -0.163  0.954  0.011 -0.003  6.637  4.732  4.766  4.234  1.533  2.625  1.509  4.029  0.947  0.130  1.071
 4.4668 -2.3152  -0.141 -0.067  0.057 -0.392 -0.555  0.128  0.423  0.071  3.675  1.062 -0.003  0.019  0.428 -0.054  0.501  0.182  0.124 -0.159  0.944  0.011 -0.003  6.391  4.505  4.591  4.042  1.535  2.615  1.437  3.952  0.946  0.132  1.070
 5.0119 -2.3152  -0.138 -0.066  0.082 -0.227 -0.417  0.135  0.447  0.016  3.528  1.065 -0.003  0.019  0.431 -0.033  0.508  0.184  0.122 -0.160  0.933  0.011 -0.003  6.142  4.127  4.425  3.828  1.538  2.592  1.367  3.863  0.944  0.133  1.068
 5.6234 -2.3152  -0.135 -0.066  0.105 -0.056 -0.316  0.143  0.474 -0.036  3.381  1.074 -0.003  0.021  0.476 -0.007  0.517  0.187  0.121 -0.159  0.925  0.011 -0.003  5.858  3.863  4.228  3.615  1.538  2.576  1.288  3.775  0.943  0.135  1.067
 6.3096 -2.3152  -0.133 -0.065  0.131  0.129 -0.160  0.156  0.505 -0.081  3.219  1.087 -0.003  0.022  0.507  0.027  0.534  0.196  0.122 -0.154  0.920  0.011 -0.003  5.542  3.439  4.026  3.372  1.534  2.590  1.197  3.704  0.942  0.138  1.066
 7.0795 -2.3152  -0.131 -0.064  0.154  0.288 -0.033  0.164  0.528 -0.126  3.078  1.092 -0.003  0.023  0.528  0.052  0.543  0.201  0.121 -0.153  0.917  0.011 -0.003  5.259  3.160  3.837  3.163  1.531  2.611  1.121  3.654  0.941  0.140  1.064
 7.9433 -2.3152  -0.130 -0.064  0.177  0.460  0.120  0.173  0.554 -0.171  2.923  1.101 -0.003  0.023  0.522  0.080  0.555  0.206  0.122 -0.151  0.918  0.011 -0.003  4.965  2.744  3.644  2.928  1.524  2.633  1.029  3.590  0.940  0.142  1.063
 8.9125 -2.3152  -0.127 -0.065  0.201  0.587  0.194  0.176  0.566 -0.218  2.805  1.095 -0.002  0.026  0.559  0.092  0.558  0.206  0.119 -0.154  0.927  0.011 -0.003  4.724  2.559  3.474  2.754  1.519  2.649  0.954  3.536  0.940  0.145  1.062
10.0000 -2.3152  -0.125 -0.066  0.226  0.655  0.286  0.177  0.567 -0.252  2.719  1.079 -0.001  0.026  0.562  0.096  0.562  0.206  0.114 -0.158  0.936  0.011 -0.003  4.517  2.420  3.361  2.628  1.514  2.691  0.911  3.538  0.939  0.148  1.061
11.2202 -2.3152  -0.130 -0.069  0.233  0.715  0.320  0.181  0.583 -0.269  2.675  1.087 -0.001  0.030  0.676  0.113  0.569  0.210  0.115 -0.156  0.949  0.011 -0.003  4.388  2.149  3.308  2.507  1.518  2.780  0.897  3.614  0.939  0.151  1.060
12.5893 -2.3152  -0.132 -0.073  0.242  0.660  0.346  0.177  0.569 -0.269  2.709  1.067  0.001  0.029  0.648  0.107  0.571  0.211  0.113 -0.159  0.965  0.011 -0.003  4.460  2.234  3.366  2.552  1.516  2.827  0.908  3.672  0.939  0.155  1.059
14.1254 -2.3152  -0.129 -0.074  0.270  0.645  0.385  0.175  0.549 -0.280  2.695  1.032  0.003  0.030  0.674  0.102  0.580  0.212  0.109 -0.165  0.993  0.011 -0.003  4.383  2.484  3.309  2.539  1.504  2.847  0.857  3.645  0.939  0.160  1.057
15.8489 -2.3152  -0.129 -0.076  0.281  0.632  0.423  0.179  0.540 -0.259  2.694  1.019  0.005  0.032  0.710  0.111  0.599  0.222  0.110 -0.162  1.015  0.011 -0.003  4.299  2.360  3.305  2.496  1.493  2.899  0.819  3.661  0.939  0.164  1.056
17.7828 -2.3152  -0.133 -0.079  0.278  0.576  0.496  0.171  0.513 -0.232  2.712  0.994  0.007  0.026  0.542  0.101  0.597  0.221  0.109 -0.166  1.047  0.011 -0.004  4.389  2.348  3.388  2.526  1.487  2.963  0.803  3.710  0.939  0.168  1.055
 0.0631 -1.7129  -0.372 -0.252 -0.462 -2.932 -1.467 -0.276 -0.528  0.199  6.356 -0.088  0.017  0.001  0.143 -0.968 -0.185 -0.194  0.048 -0.215  0.758  0.014 -0.005  8.548  8.453  7.030  7.039  1.076  1.701  4.864  6.225  0.946 -0.017  1.096
 0.0708 -1.7129  -0.359 -0.241 -0.449 -3.007 -1.527 -0.269 -0.497  0.156  6.454 -0.055  0.017  0.002  0.158 -0.940 -0.174 -0.188  0.051 -0.211  0.758  0.014 -0.005  8.701  8.629  7.103  7.113  1.086  1.720  4.933  6.308  0.946 -0.019  1.099
 0.0794 -1.7129  -0.355 -0.239 -0.436 -3.084 -1.565 -0.262 -0.461  0.098  6.564 -0.018  0.016  0.003  0.169 -0.912 -0.165 -0.184  0.053 -0.208  0.754  0.014 -0.005  8.885  8.840  7.179  7.201  1.098  1.738  5.010  6.397  0.947 -0.019  1.100
 0.0891 -1.7129  -0.357 -0.242 -0.422 -3.121 -1.600 -0.253 -0.422  0.048  6.628  0.028  0.016  0.003  0.181 -0.876 -0.151 -0.176  0.057 -0.202  0.754  0.013 -0.005  9.014  8.980  7.221  7.251  1.109  1.803  5.039  6.488  0.948 -0.016  1.105
 0.1000 -1.7129  -0.324 -0.223 -0.406 -3.159 -1.490 -0.225 -0.366  0.121  6.681  0.074  0.015  0.006  0.337 -0.791 -0.068 -0.125  0.069 -0.163  0.801  0.013 -0.005  8.939  9.045  7.201  7.263  1.124  1.853  5.052  6.551  0.948 -0.013  1.109
 0.1122 -1.7129  -0.311 -0.168 -0.181 -1.400 -0.495  0.098  0.585  0.108  4.840  1.583  0.006  0.029  0.294  0.440  0.532  0.321  0.361  0.138  1.570  0.011  0.006  7.708  6.531  6.095  5.722  1.210  5.624  2.131  7.607  0.991  0.326  1.212
 0.1259 -1.7129  -0.318 -0.180 -0.149 -1.296 -0.434  0.130  0.682  0.102  4.759  1.705  0.006  0.033  0.331  0.525  0.584  0.357  0.374  0.156  1.646  0.012  0.008  7.704  6.455  6.031  5.653  1.232  5.745  2.072  7.672  0.993  0.341  1.215
 0.1413 -1.7129  -0.317 -0.186 -0.135 -1.304 -0.439  0.140  0.713  0.105  4.773  1.740  0.007  0.036  0.374  0.547  0.607  0.372  0.374  0.161  1.696  0.013  0.010  7.755  6.514  6.039  5.676  1.247  5.774  2.092  7.719  0.994  0.347  1.218
 0.1585 -1.7129  -0.300 -0.171 -0.113 -1.232 -0.409  0.160  0.770  0.113  4.712  1.814  0.008  0.041  0.415  0.597  0.644  0.398  0.379  0.172  1.764  0.014  0.013  7.736  6.471  5.984  5.634  1.278  5.849  2.070  7.774  0.996  0.359  1.220
 0.1778 -1.7129  -0.282 -0.158 -0.104 -1.249 -0.444  0.162  0.777  0.125  4.729  1.824  0.009  0.044  0.459  0.598  0.657  0.406  0.375  0.173  1.813  0.016  0.015  7.767  6.516  5.994  5.660  1.303  5.887  2.081  7.823  0.998  0.368  1.222
 0.1995 -1.7129  -0.268 -0.147 -0.083 -1.206 -0.419  0.178  0.827  0.133  4.695  1.889  0.010  0.048  0.505  0.636  0.689  0.428  0.375  0.180  1.885  0.017  0.018  7.790  6.525  5.964  5.648  1.327  5.952  2.075  7.882  0.999  0.382  1.226
 0.2239 -1.7129  -0.252 -0.137 -0.080 -1.247 -0.469  0.171  0.810  0.136  4.735  1.861  0.011  0.050  0.541  0.610  0.687  0.425  0.362  0.173  1.905  0.018  0.020  7.810  6.623  6.000  5.719  1.362  5.893  2.149  7.892  0.999  0.383  1.227
 0.2512 -1.7129  -0.241 -0.131 -0.086 -1.356 -0.564  0.152  0.757  0.129  4.840  1.781  0.012  0.050  0.564  0.546  0.662  0.404  0.344  0.159  1.869  0.019  0.021  7.946  6.790  6.061  5.799  1.374  5.765  2.262  7.868  0.998  0.377  1.227
 0.2818 -1.7129  -0.230 -0.125 -0.104 -1.513 -0.717  0.118  0.659  0.137  4.969  1.649  0.012  0.049  0.575  0.443  0.617  0.371  0.319  0.138  1.819  0.020  0.022  8.018  6.990  6.175  5.948  1.383  5.611  2.407  7.850  0.996  0.368  1.228
 0.3162 -1.7129  -0.216 -0.117 -0.148 -1.683 -0.957  0.052  0.455  0.178  5.088  1.386  0.014  0.044  0.538  0.246  0.520  0.302  0.283  0.097  1.703  0.020  0.020  7.958  7.092  6.255  6.068  1.392  5.375  2.561  7.756  0.994  0.350  1.226
 0.3548 -1.7129  -0.206 -0.109 -0.168 -1.744 -1.084  0.021  0.354  0.214  5.118  1.255  0.015  0.041  0.504  0.150  0.473  0.269  0.268  0.079  1.639  0.019  0.018  7.794  7.044  6.297  6.124  1.405  5.298  2.569  7.687  0.992  0.347  1.225
 0.3981 -1.7129  -0.197 -0.101 -0.190 -1.853 -1.248 -0.015  0.237  0.252  5.186  1.105  0.016  0.038  0.462  0.035  0.415  0.229  0.250  0.056  1.572  0.019  0.016  7.892  7.131  6.317  6.143  1.423  5.240  2.556  7.617  0.991  0.350  1.223
 0.4467 -1.7129  -0.188 -0.094 -0.174 -1.910 -1.261 -0.009  0.269  0.216  5.260  1.131  0.015  0.038  0.479  0.052  0.421  0.232  0.249  0.057  1.557  0.019  0.016  8.027  7.265  6.377  6.197  1.433  5.207  2.558  7.586  0.990  0.353  1.223
 0.5012 -1.7129  -0.180 -0.089 -0.161 -1.953 -1.284 -0.008  0.283  0.153  5.339  1.116  0.014  0.038  0.488  0.038  0.407  0.217  0.240  0.049  1.501  0.019  0.015  8.142  7.389  6.415  6.245  1.440  5.040  2.637  7.493  0.988  0.337  1.221
 0.5623 -1.7129  -0.172 -0.082 -0.141 -1.914 -1.251  0.005  0.331  0.106  5.328  1.156  0.013  0.038  0.512  0.068  0.418  0.221  0.239  0.051  1.479  0.018  0.015  8.161  7.385  6.383  6.218  1.447  4.986  2.615  7.418  0.986  0.329  1.221
 0.6310 -1.7129  -0.159 -0.071 -0.115 -1.783 -1.179  0.026  0.394  0.074  5.226  1.219  0.012  0.040  0.541  0.120  0.442  0.234  0.244  0.058  1.466  0.019  0.015  8.010  7.155  6.251  6.067  1.452  4.976  2.494  7.296  0.985  0.326  1.218
 0.7079 -1.7129  -0.151 -0.067 -0.095 -1.650 -1.088  0.038  0.430  0.019  5.133  1.226  0.011  0.039  0.565  0.136  0.444  0.227  0.240  0.055  1.408  0.018  0.014  7.757  6.852  6.072  5.882  1.453  4.811  2.450  7.089  0.981  0.308  1.207
 0.7943 -1.7129  -0.144 -0.061 -0.066 -1.429 -0.977  0.064  0.502 -0.024  4.951  1.290  0.010  0.041  0.564  0.195  0.469  0.238  0.245  0.062  1.387  0.018  0.014  7.512  6.737  5.777  5.714  1.463  4.741  2.288  6.869  0.979  0.304  1.203
 0.8913 -1.7129  -0.136 -0.055 -0.040 -1.201 -0.973  0.090  0.565 -0.050  4.807  1.341  0.009  0.041  0.408  0.253  0.497  0.250  0.252  0.070  1.359  0.017  0.013  7.333  6.567  5.514  5.526  1.473  4.629  2.109  6.591  0.976  0.302  1.198
 1.0000 -1.7129  -0.127 -0.050 -0.018 -1.022 -0.842  0.110  0.608 -0.078  4.733  1.358  0.009  0.041  0.478  0.290  0.516  0.254  0.253  0.073  1.315  0.017  0.012  7.114  6.242  5.330  5.314  1.486  4.469  2.002  6.332  0.973  0.292  1.191
 1.1220 -1.7129  -0.123 -0.044  0.015 -0.669 -0.634  0.153  0.717 -0.098  4.496  1.478  0.009  0.042  0.552  0.395  0.565  0.282  0.271  0.088  1.311  0.017  0.013  6.769  5.670  5.036  4.950  1.515  4.565  1.793  6.232  0.972  0.302  1.188
 1.2589 -1.7129  -0.128 -0.039  0.057 -0.189 -0.396  0.210  0.881 -0.101  4.146  1.686  0.008  0.044  0.591  0.545  0.622  0.324  0.302  0.111  1.319  0.018  0.014  6.388  4.898  4.703  4.487  1.554  4.825  1.546  6.263  0.973  0.325  1.189
 1.4125 -1.7129  -0.130 -0.040  0.054 -0.493 -0.662  0.167  0.782 -0.149  4.427  1.554  0.008  0.040  0.625  0.439  0.549  0.272  0.279  0.079  1.228  0.017  0.012  6.810  5.365  5.046  4.772  1.551  4.645  1.691  6.218  0.970  0.305  1.177
 1.5849 -1.7129  -0.130 -0.039  0.077 -0.340 -0.584  0.183  0.829 -0.179  4.335  1.589  0.007  0.041  0.658  0.469  0.558  0.275  0.280  0.079  1.201  0.017  0.012  6.691  5.158  4.932  4.629  1.561  4.619  1.657  6.160  0.969  0.302  1.173
 1.7783 -1.7129  -0.129 -0.037  0.104 -0.101 -0.445  0.207  0.892 -0.209  4.167  1.641  0.006  0.041  0.679  0.515  0.577  0.282  0.284  0.083  1.183  0.017  0.012  6.454  4.779  4.735  4.390  1.574  4.607  1.591  6.086  0.967  0.302  1.170
 1.9953 -1.7129  -0.129 -0.037  0.127  0.075 -0.359  0.223  0.937 -0.235  4.052  1.672  0.005  0.041  0.710  0.543  0.584  0.283  0.285  0.083  1.150  0.017  0.011  6.289  4.504  4.601  4.213  1.591  4.568  1.557  6.016  0.965  0.299  1.164
 2.2387 -1.7129  -0.128 -0.036  0.146  0.194 -0.292  0.233  0.965 -0.256  3.968  1.687  0.005  0.043  0.743  0.562  0.593  0.286  0.286  0.084  1.143  0.017  0.010  6.148  4.298  4.497  4.086  1.600  4.543  1.524  5.960  0.964  0.298  1.162
 2.5119 -1.7129  -0.128 -0.036  0.160  0.246 -0.266  0.235  0.970 -0.283  3.932  1.675  0.005  0.042  0.750  0.558  0.588  0.279  0.282  0.079  1.120  0.016  0.010  6.085  4.210  4.453  4.025  1.606  4.474  1.518  5.886  0.962  0.293  1.157
 2.8184 -1.7129  -0.128 -0.037  0.169  0.258 -0.254  0.234  0.969 -0.301  3.924  1.660  0.005  0.043  0.779  0.552  0.586  0.276  0.279  0.076  1.111  0.016  0.009  6.052  4.170  4.440  4.001  1.604  4.430  1.524  5.848  0.961  0.289  1.155
 3.1623 -1.7129  -0.128 -0.037  0.194  0.439 -0.173  0.245  1.001 -0.339  3.792  1.674  0.005  0.043  0.799  0.570  0.588  0.273  0.278  0.073  1.088  0.016  0.008  5.843  3.853  4.281  3.803  1.612  4.378  1.467  5.743  0.959  0.286  1.150
 3.5481 -1.7129  -0.127 -0.035  0.210  0.620 -0.040  0.268  1.047 -0.340  3.646  1.712  0.004  0.044  0.831  0.605  0.608  0.284  0.282  0.082  1.069  0.016  0.008  5.561  3.493  4.086  3.586  1.620  4.352  1.399  5.653  0.957  0.285  1.147
 3.9811 -1.7129  -0.126 -0.034  0.234  0.805  0.060  0.283  1.081 -0.364  3.503  1.729  0.004  0.046  0.874  0.630  0.619  0.287  0.283  0.083  1.053  0.015  0.007  5.289  3.132  3.902  3.364  1.626  4.307  1.333  5.547  0.955  0.281  1.142
 4.4668 -1.7129  -0.126 -0.034  0.258  0.970  0.154  0.294  1.109 -0.391  3.369  1.742  0.004  0.047  0.902  0.650  0.628  0.289  0.284  0.082  1.047  0.015  0.006  5.039  2.804  3.734  3.162  1.632  4.275  1.272  5.457  0.953  0.279  1.138
 5.0119 -1.7129  -0.125 -0.033  0.281  1.146  0.262  0.307  1.138 -0.412  3.224  1.754  0.004  0.047  0.920  0.672  0.638  0.291  0.285  0.083  1.036  0.015  0.006  4.755  2.428  3.551  2.933  1.624  4.240  1.198  5.353  0.952  0.277  1.133
 5.6234 -1.7129  -0.123 -0.031  0.306  1.352  0.417  0.328  1.180 -0.416  3.057  1.782  0.005  0.049  0.958  0.712  0.663  0.304  0.290  0.089  1.036  0.014  0.005  4.396  2.013  3.321  2.670  1.624  4.239  1.104  5.266  0.950  0.278  1.129
 6.3096 -1.7129  -0.123 -0.030  0.330  1.520  0.522  0.341  1.208 -0.437  2.914  1.795  0.005  0.050  0.985  0.734  0.674  0.308  0.291  0.089  1.034  0.014  0.005  4.123  1.612  3.151  2.442  1.621  4.227  1.024  5.179  0.949  0.277  1.125
 7.0795 -1.7129  -0.123 -0.030  0.352  1.696  0.642  0.355  1.238 -0.450  2.773  1.811  0.005  0.051  1.009  0.760  0.687  0.313  0.294  0.091  1.030  0.014  0.004  3.827  1.229  2.962  2.204  1.621  4.222  0.943  5.099  0.948  0.277  1.120
 7.9433 -1.7129  -0.124 -0.029  0.375  1.872  0.748  0.370  1.270 -0.462  2.641  1.830  0.006  0.053  1.038  0.788  0.702  0.320  0.298  0.093  1.030  0.014  0.003  3.530  0.913  2.755  1.979  1.622  4.227  0.865  5.032  0.947  0.278  1.116
 8.9125 -1.7129  -0.123 -0.028  0.397  2.014  0.874  0.385  1.297 -0.464  2.528  1.842  0.006  0.054  1.066  0.816  0.721  0.329  0.301  0.097  1.035  0.013  0.003  3.251  0.594  2.584  1.778  1.621  4.228  0.799  4.971  0.947  0.279  1.111
10.0000 -1.7129  -0.123 -0.028  0.420  2.113  0.951  0.391  1.307 -0.490  2.438  1.834  0.007  0.053  1.047  0.826  0.727  0.330  0.300  0.094  1.041  0.013  0.002  3.071  0.431  2.450  1.636  1.617  4.206  0.748  4.902  0.945  0.279  1.105
11.2202 -1.7129  -0.124 -0.028  0.439  2.226  1.035  0.400  1.326 -0.506  2.350  1.839  0.008  0.055  1.063  0.843  0.739  0.335  0.301  0.094  1.049  0.013  0.002  2.920  0.395  2.294  1.509  1.616  4.192  0.701  4.844  0.945  0.280  1.100
12.5893 -1.7129  -0.124 -0.028  0.458  2.309  1.101  0.407  1.338 -0.520  2.283  1.837  0.009  0.056  1.084  0.858  0.751  0.340  0.301  0.095  1.062  0.013  0.001  2.782  0.181  2.206  1.388  1.614  4.189  0.667  4.810  0.944  0.282  1.095
14.1254 -1.7129  -0.128 -0.032  0.470  2.241  1.136  0.400  1.322 -0.548  2.284  1.807  0.010  0.053  0.992  0.845  0.747  0.336  0.296  0.089  1.078  0.012  0.001  2.839  0.290  2.262  1.453  1.606  4.204  0.706  4.861  0.943  0.283  1.090
15.8489 -1.7129  -0.135 -0.036  0.479  2.114  1.084  0.391  1.303 -0.558  2.393  1.783  0.011  0.056  1.066  0.836  0.747  0.336  0.294  0.085  1.099  0.012  0.000  3.025  0.345  2.461  1.538  1.609  4.253  0.754  4.954  0.943  0.287  1.086
17.7828 -1.7129  -0.144 -0.043  0.477  1.861  0.958  0.369  1.244 -0.547  2.562  1.727  0.013  0.058  1.127  0.804  0.736  0.332  0.291  0.078  1.127  0.012  0.000  3.295  0.655  2.721  1.752  1.595  4.306  0.793  5.044  0.944  0.292  1.083
 0.0631 -1.3146  -0.341 -0.238 -0.308 -2.309 -0.746 -0.120  0.215 -0.745  6.480  0.709  0.004  0.017  0.465 -0.138 -0.001 -0.055  0.157 -0.020  0.685  0.014 -0.002  9.090  8.744  6.842  6.892  1.151  3.272  4.662  7.607  0.951  0.082  1.094
 0.0708 -1.3146  -0.327 -0.227 -0.300 -2.332 -0.816 -0.126  0.208 -0.774  6.520  0.683  0.004  0.018  0.457 -0.165 -0.016 -0.068  0.147 -0.029  0.678  0.014 -0.003  9.172  8.859  6.860  6.949  1.160  3.126  4.850  7.636  0.951  0.067  1.096
 0.0794 -1.3146  -0.305 -0.208 -0.284 -2.211 -0.820 -0.111  0.247 -0.787  6.424  0.729  0.004  0.019  0.482 -0.131  0.003 -0.061  0.152 -0.026  0.677  0.014 -0.002  9.087  8.706  6.769  6.848  1.174  3.099  4.887  7.643  0.950  0.064  1.096
 0.0891 -1.3146  -0.287 -0.194 -0.270 -2.107 -0.822 -0.098  0.282 -0.797  6.336  0.772  0.004  0.020  0.501 -0.099  0.022 -0.052  0.159 -0.022  0.686  0.014 -0.002  8.992  8.552  6.690  6.756  1.190  3.118  4.891  7.667  0.951  0.066  1.099
 0.1000 -1.3146  -0.271 -0.181 -0.255 -2.051 -0.849 -0.090  0.304 -0.810  6.285  0.797  0.004  0.021  0.512 -0.082  0.035 -0.046  0.163 -0.019  0.699  0.014 -0.002  8.990  8.504  6.657  6.717  1.201  3.109  4.939  7.702  0.951  0.066  1.105
 0.1122 -1.3146  -0.212 -0.153 -0.020 -0.752 -0.018  0.215  1.036 -0.209  4.831  2.154  0.019  0.069  0.896  0.860  0.711  0.468  0.417  0.268  1.859  0.028  0.038  7.699  6.278  5.754  5.496  1.275  6.503  2.488  8.817  0.996  0.468  1.225
 0.1259 -1.3146  -0.200 -0.140 -0.007 -0.612 -0.022  0.225  1.060 -0.205  4.722  2.183  0.020  0.072  0.936  0.871  0.723  0.473  0.410  0.265  1.894  0.030  0.042  7.553  6.065  5.620  5.370  1.287  6.500  2.481  8.807  0.997  0.468  1.226
 0.1413 -1.3146  -0.169 -0.117  0.022 -0.473  0.179  0.262  1.125 -0.028  4.575  2.237  0.022  0.079  1.126  0.947  0.816  0.530  0.411  0.290  2.031  0.032  0.047  7.204  5.787  5.450  5.212  1.304  6.578  2.398  8.809  0.999  0.479  1.230
 0.1585 -1.3146  -0.151 -0.102  0.059 -0.301  0.269  0.298  1.202  0.095  4.404  2.355  0.025  0.087  1.226  1.022  0.892  0.583  0.413  0.309  2.170  0.037  0.056  6.955  5.449  5.261  5.014  1.318  6.732  2.272  8.845  1.001  0.501  1.235
 0.1778 -1.3146  -0.137 -0.087  0.078 -0.187  0.261  0.307  1.218  0.150  4.303  2.380  0.026  0.091  1.274  1.031  0.913  0.596  0.402  0.308  2.211  0.040  0.062  6.751  5.191  5.129  4.876  1.328  6.711  2.227  8.782  1.001  0.506  1.237
 0.1995 -1.3146  -0.130 -0.078  0.068 -0.206  0.152  0.281  1.147  0.145  4.308  2.277  0.026  0.089  1.263  0.960  0.877  0.569  0.378  0.288  2.155  0.041  0.063  6.660  5.121  5.097  4.852  1.334  6.566  2.263  8.671  0.998  0.493  1.237
 0.2239 -1.3146  -0.117 -0.066  0.095 -0.269  0.098  0.268  1.109  0.163  4.361  2.196  0.026  0.088  1.287  0.918  0.905  0.597  0.357  0.277  2.122  0.042  0.065  6.642  5.264  5.155  4.952  1.336  6.396  2.324  8.558  0.995  0.478  1.237
 0.2512 -1.3146  -0.113 -0.063  0.030 -0.682 -0.219  0.165  0.842  0.099  4.624  1.836  0.025  0.078  1.152  0.700  0.777  0.513  0.319  0.236  1.982  0.039  0.058  6.870  5.806  5.492  5.342  1.339  6.180  2.455  8.463  0.993  0.458  1.235
 0.2818 -1.3146  -0.115 -0.064 -0.024 -1.055 -0.564  0.071  0.603  0.031  4.872  1.522  0.025  0.068  0.995  0.487  0.646  0.433  0.284  0.193  1.854  0.037  0.053  7.068  6.218  5.792  5.666  1.352  6.013  2.530  8.366  0.992  0.447  1.235
 0.3162 -1.3146  -0.126 -0.073 -0.101 -1.619 -0.982 -0.048  0.301 -0.059  5.301  1.101  0.024  0.056  0.806  0.191  0.447  0.305  0.232  0.134  1.702  0.035  0.047  7.598  6.881  6.138  6.027  1.369  5.841  2.748  8.397  0.992  0.433  1.240
 0.3548 -1.3146  -0.117 -0.068 -0.089 -1.705 -1.010 -0.047  0.322 -0.139  5.430  1.086  0.022  0.054  0.792  0.175  0.427  0.285  0.224  0.123  1.629  0.033  0.043  7.781  7.107  6.210  6.126  1.382  5.643  2.859  8.302  0.989  0.413  1.234
 0.3981 -1.3146  -0.108 -0.060 -0.066 -1.700 -0.982 -0.030  0.382 -0.180  5.460  1.147  0.021  0.055  0.812  0.209  0.445  0.292  0.226  0.127  1.609  0.033  0.042  7.843  7.171  6.199  6.132  1.391  5.597  2.840  8.238  0.987  0.410  1.231
 0.4467 -1.3146  -0.100 -0.056 -0.043 -1.699 -0.974 -0.014  0.434 -0.211  5.482  1.202  0.020  0.057  0.833  0.240  0.462  0.300  0.228  0.130  1.598  0.033  0.042  7.861  7.148  6.198  6.112  1.397  5.584  2.808  8.196  0.987  0.409  1.228
 0.5012 -1.3146  -0.090 -0.046 -0.018 -1.530 -0.864  0.012  0.498 -0.217  5.348  1.263  0.019  0.058  0.875  0.294  0.490  0.310  0.237  0.137  1.564  0.032  0.040  7.656  7.055  5.945  5.980  1.407  5.462  2.638  7.915  0.983  0.401  1.224
 0.5623 -1.3146  -0.084 -0.040  0.015 -1.310 -0.971  0.049  0.588 -0.210  5.209  1.362  0.019  0.062  0.749  0.373  0.539  0.334  0.250  0.149  1.552  0.031  0.039  7.513  6.857  5.709  5.796  1.429  5.451  2.427  7.708  0.981  0.402  1.220
 0.6310 -1.3146  -0.080 -0.035  0.049 -1.126 -0.830  0.083  0.665 -0.186  5.128  1.455  0.019  0.063  0.820  0.449  0.588  0.362  0.266  0.162  1.551  0.031  0.039  7.342  6.497  5.568  5.578  1.453  5.456  2.229  7.530  0.980  0.408  1.217
 0.7079 -1.3146  -0.077 -0.033  0.068 -1.054 -0.768  0.100  0.707 -0.201  5.129  1.483  0.019  0.061  0.846  0.478  0.596  0.359  0.271  0.164  1.513  0.030  0.037  7.299  6.411  5.517  5.505  1.471  5.370  2.185  7.402  0.978  0.401  1.212
 0.7943 -1.3146  -0.073 -0.030  0.094 -0.946 -0.693  0.123  0.764 -0.204  5.089  1.540  0.019  0.062  0.880  0.523  0.623  0.371  0.278  0.170  1.499  0.030  0.036  7.232  6.290  5.440  5.411  1.491  5.368  2.129  7.349  0.976  0.401  1.209
 0.8913 -1.3146  -0.069 -0.029  0.122 -0.823 -0.613  0.146  0.821 -0.204  5.024  1.600  0.019  0.062  0.912  0.569  0.650  0.385  0.287  0.176  1.488  0.029  0.036  7.137  6.128  5.354  5.297  1.505  5.380  2.069  7.304  0.975  0.402  1.207
 1.0000 -1.3146  -0.067 -0.028  0.144 -0.684 -0.538  0.167  0.875 -0.220  4.947  1.650  0.018  0.062  0.926  0.607  0.662  0.387  0.295  0.180  1.461  0.028  0.034  7.031  5.962  5.250  5.174  1.521  5.353  2.026  7.237  0.974  0.398  1.203
 1.1220 -1.3146  -0.064 -0.026  0.165 -0.548 -0.448  0.190  0.931 -0.217  4.868  1.705  0.018  0.063  0.959  0.649  0.683  0.395  0.303  0.185  1.447  0.028  0.033  6.923  5.787  5.155  5.056  1.541  5.345  1.987  7.193  0.972  0.397  1.200
 1.2589 -1.3146  -0.066 -0.027  0.209 -0.063 -0.222  0.255  1.084 -0.154  4.521  1.923  0.017  0.065  1.009  0.775  0.746  0.439  0.334  0.204  1.412  0.028  0.034  6.471  4.989  4.811  4.588  1.575  5.508  1.779  7.162  0.972  0.411  1.197
 1.4125 -1.3146  -0.066 -0.028  0.255  0.120 -0.105  0.304  1.202 -0.052  4.368  2.114  0.018  0.070  1.092  0.884  0.824  0.502  0.361  0.233  1.467  0.030  0.038  6.360  4.699  4.751  4.425  1.594  5.810  1.665  7.359  0.975  0.441  1.201
 1.5849 -1.3146  -0.066 -0.029  0.250  0.118 -0.141  0.290  1.175 -0.145  4.412  2.026  0.016  0.065  1.065  0.836  0.767  0.453  0.349  0.213  1.364  0.027  0.032  6.406  4.762  4.770  4.446  1.600  5.532  1.751  7.161  0.970  0.412  1.188
 1.7783 -1.3146  -0.063 -0.027  0.278  0.431  0.040  0.327  1.255 -0.129  4.192  2.097  0.015  0.066  1.102  0.893  0.792  0.460  0.357  0.219  1.345  0.027  0.030  6.033  4.245  4.497  4.126  1.620  5.507  1.652  7.044  0.968  0.409  1.183
 1.9953 -1.3146  -0.061 -0.025  0.317  0.768  0.236  0.368  1.346 -0.094  3.945  2.193  0.015  0.068  1.143  0.963  0.834  0.485  0.372  0.231  1.336  0.026  0.030  5.625  3.640  4.213  3.775  1.641  5.540  1.533  6.966  0.967  0.411  1.179
 2.2387 -1.3146  -0.060 -0.025  0.339  1.002  0.367  0.391  1.395 -0.095  3.779  2.227  0.015  0.068  1.168  0.995  0.849  0.489  0.377  0.233  1.314  0.025  0.028  5.313  3.223  3.994  3.520  1.653  5.486  1.470  6.854  0.965  0.405  1.173
 2.5119 -1.3146  -0.059 -0.024  0.357  1.130  0.443  0.400  1.414 -0.107  3.685  2.223  0.015  0.069  1.192  1.004  0.855  0.487  0.374  0.229  1.303  0.025  0.027  5.110  2.960  3.868  3.368  1.656  5.414  1.438  6.751  0.963  0.398  1.170
 2.8184 -1.3146  -0.059 -0.025  0.363  1.100  0.431  0.397  1.408 -0.121  3.696  2.209  0.015  0.069  1.212  0.997  0.853  0.485  0.372  0.228  1.304  0.025  0.026  5.132  2.995  3.889  3.385  1.654  5.394  1.444  6.738  0.962  0.398  1.169
 3.1623 -1.3146  -0.058 -0.024  0.383  1.270  0.525  0.413  1.442 -0.129  3.564  2.229  0.015  0.070  1.232  1.019  0.861  0.485  0.376  0.229  1.286  0.024  0.024  4.883  2.664  3.727  3.186  1.661  5.344  1.393  6.639  0.960  0.392  1.164
 3.5481 -1.3146  -0.057 -0.024  0.406  1.479  0.639  0.433  1.484 -0.126  3.407  2.261  0.015  0.072  1.277  1.050  0.877  0.491  0.380  0.231  1.293  0.024  0.024  4.560  2.221  3.521  2.938  1.665  5.330  1.319  6.557  0.959  0.392  1.162
 3.9811 -1.3146  -0.056 -0.023  0.431  1.695  0.772  0.456  1.530 -0.117  3.237  2.298  0.016  0.073  1.306  1.087  0.899  0.502  0.387  0.235  1.293  0.023  0.022  4.226  1.795  3.302  2.679  1.667  5.325  1.234  6.472  0.957  0.392  1.158
 4.4668 -1.3146  -0.055 -0.022  0.457  1.899  0.899  0.476  1.572 -0.109  3.079  2.332  0.016  0.074  1.334  1.122  0.921  0.512  0.394  0.239  1.301  0.023  0.022  3.891  1.350  3.098  2.424  1.671  5.332  1.157  6.407  0.957  0.394  1.155
 5.0119 -1.3146  -0.054 -0.021  0.476  2.056  1.003  0.492  1.602 -0.110  2.948  2.349  0.017  0.075  1.368  1.144  0.932  0.516  0.397  0.240  1.302  0.022  0.021  3.619  0.999  2.925  2.208  1.665  5.315  1.088  6.326  0.955  0.393  1.151
 5.6234 -1.3146  -0.053 -0.020  0.499  2.252  1.132  0.513  1.643 -0.100  2.797  2.381  0.017  0.077  1.389  1.179  0.954  0.528  0.405  0.245  1.308  0.021  0.019  3.278  0.605  2.703  1.959  1.668  5.323  1.009  6.261  0.954  0.395  1.147
 6.3096 -1.3146  -0.052 -0.019  0.523  2.423  1.242  0.529  1.676 -0.103  2.667  2.400  0.018  0.078  1.406  1.209  0.967  0.532  0.412  0.247  1.317  0.020  0.018  2.976  0.275  2.506  1.739  1.672  5.321  0.940  6.196  0.954  0.396  1.142
 7.0795 -1.3146  -0.051 -0.019  0.543  2.557  1.332  0.545  1.706 -0.105  2.561  2.421  0.019  0.080  1.449  1.235  0.978  0.537  0.420  0.252  1.317  0.019  0.016  2.728 -0.042  2.354  1.550  1.676  5.319  0.880  6.137  0.953  0.397  1.135
 7.9433 -1.3146  -0.050 -0.019  0.563  2.718  1.440  0.564  1.741 -0.097  2.440  2.447  0.020  0.081  1.450  1.266  0.995  0.545  0.428  0.257  1.323  0.019  0.014  2.473 -0.296  2.164  1.352  1.679  5.329  0.822  6.093  0.952  0.400  1.131
 8.9125 -1.3146  -0.049 -0.018  0.587  2.867  1.545  0.579  1.771 -0.098  2.332  2.467  0.021  0.082  1.471  1.295  1.010  0.552  0.436  0.259  1.334  0.018  0.013  2.275 -0.500  2.001  1.178  1.690  5.336  0.770  6.053  0.952  0.402  1.126
10.0000 -1.3146  -0.049 -0.018  0.605  2.982  1.624  0.592  1.794 -0.108  2.241  2.475  0.022  0.082  1.449  1.317  1.019  0.554  0.441  0.261  1.345  0.017  0.012  2.106 -0.769  1.893  1.025  1.694  5.331  0.729  6.009  0.951  0.404  1.120
11.2202 -1.3146  -0.049 -0.017  0.626  3.112  1.708  0.605  1.820 -0.115  2.145  2.491  0.023  0.080  1.396  1.342  1.031  0.558  0.448  0.263  1.359  0.016  0.010  1.928 -1.057  1.782  0.864  1.707  5.344  0.691  5.987  0.951  0.407  1.115
12.5893 -1.3146  -0.049 -0.016  0.647  3.211  1.783  0.623  1.852 -0.122  2.078  2.511  0.025  0.084  1.446  1.371  1.055  0.573  0.453  0.268  1.392  0.016  0.009  1.773 -1.297  1.690  0.732  1.724  5.349  0.665  5.967  0.950  0.412  1.110
14.1254 -1.3146  -0.051 -0.018  0.664  3.302  1.828  0.623  1.857 -0.147  2.038  2.505  0.025  0.086  1.488  1.378  1.057  0.571  0.458  0.264  1.386  0.015  0.008  1.678 -1.470  1.620  0.636  1.721  5.353  0.647  5.955  0.950  0.413  1.107
15.8489 -1.3146  -0.055 -0.023  0.655  3.230  1.806  0.631  1.854 -0.144  2.041  2.493  0.025  0.090  1.535  1.370  1.053  0.571  0.454  0.271  1.377  0.014  0.006  1.668 -1.449  1.609  0.634  1.708  5.297  0.648  5.900  0.948  0.412  1.100
17.7828 -1.3146  -0.068 -0.032  0.644  2.854  1.666  0.596  1.784 -0.198  2.281  2.424  0.027  0.092  1.594  1.326  1.028  0.559  0.447  0.262  1.389  0.014  0.005  2.224 -0.833  2.060  1.020  1.702  5.315  0.771  6.032  0.948  0.413  1.097
 0.0631 -0.7052  -0.188 -0.100 -0.066 -1.468  0.060  0.098  0.763 -0.429  6.026  1.696  0.014  0.052  0.735  0.735  0.473  0.325  0.434  0.311  1.111  0.015  0.006  8.430  7.801  6.393  6.329  1.148  4.832  4.016  8.567  0.967  0.263  1.130
 0.0708 -0.7052  -0.188 -0.100 -0.062 -1.433  0.021  0.101  0.775 -0.456  6.035  1.699  0.013  0.050  0.705  0.723  0.459  0.311  0.425  0.299  1.062  0.015  0.005  8.449  7.809  6.375  6.322  1.162  4.722  4.131  8.564  0.965  0.248  1.128
 0.0794 -0.7052  -0.187 -0.101 -0.062 -1.382 -0.063  0.099  0.773 -0.483  6.024  1.666  0.012  0.050  0.725  0.693  0.437  0.287  0.409  0.281  1.018  0.015  0.004  8.417  7.766  6.327  6.290  1.175  4.535  4.296  8.531  0.964  0.223  1.126
 0.0891 -0.7052  -0.186 -0.101 -0.058 -1.335 -0.089  0.098  0.772 -0.484  6.004  1.641  0.011  0.049  0.739  0.674  0.426  0.273  0.396  0.269  0.996  0.015  0.004  8.384  7.724  6.288  6.259  1.189  4.427  4.415  8.533  0.963  0.208  1.127
 0.1000 -0.7052  -0.185 -0.101 -0.066 -1.333 -0.210  0.070  0.703 -0.507  5.971  1.524  0.011  0.047  0.725  0.605  0.380  0.240  0.373  0.248  0.968  0.015  0.004  8.286  7.647  6.252  6.232  1.204  4.336  4.510  8.531  0.962  0.197  1.128
 0.1122 -0.7052  -0.182 -0.099  0.007 -1.118 -0.093  0.135  0.850 -0.329  5.778  1.803  0.016  0.061  0.905  0.752  0.553  0.365  0.390  0.288  1.255  0.026  0.028  8.123  7.316  6.102  6.041  1.221  5.051  4.064  8.831  0.971  0.294  1.183
 0.1259 -0.7052  -0.175 -0.092  0.273 -0.615  0.300  0.338  1.259  0.750  5.280  2.935  0.029  0.115  1.816  1.202  1.101  0.661  0.328  0.385  2.380  0.087  0.152  7.490  6.371  5.750  5.549  1.249  6.904  2.773  9.483  1.033  0.543  1.263
 0.1413 -0.7052  -0.176 -0.094  0.225 -0.704  0.118  0.282  1.115  0.686  5.317  2.795  0.026  0.106  1.805  1.090  0.996  0.576  0.296  0.344  2.223  0.084  0.145  7.524  6.426  5.722  5.549  1.265  6.702  2.882  9.382  1.038  0.526  1.264
 0.1585 -0.7052  -0.175 -0.095  0.143 -0.823 -0.127  0.188  0.893  0.465  5.347  2.475  0.023  0.093  1.630  0.903  0.816  0.460  0.269  0.291  1.969  0.076  0.127  7.385  6.468  5.761  5.652  1.281  6.465  3.021  9.274  1.036  0.501  1.264
 0.1778 -0.7052  -0.180 -0.099  0.045 -1.168 -0.419  0.054  0.593  0.119  5.544  1.919  0.021  0.074  1.328  0.623  0.569  0.310  0.226  0.228  1.706  0.066  0.106  7.518  6.824  5.938  5.903  1.295  6.211  3.213  9.199  1.035  0.474  1.264
 0.1995 -0.7052  -0.180 -0.100 -0.027 -1.285 -0.629 -0.039  0.373 -0.125  5.556  1.477  0.019  0.061  1.097  0.404  0.368  0.186  0.195  0.172  1.455  0.055  0.084  7.390  6.811  5.924  5.938  1.314  5.878  3.313  8.959  1.032  0.444  1.257
 0.2239 -0.7052  -0.183 -0.102 -0.046 -1.386 -0.708 -0.064  0.318 -0.225  5.642  1.349  0.017  0.055  1.026  0.333  0.294  0.136  0.186  0.146  1.320  0.049  0.071  7.422  6.875  5.918  5.947  1.324  5.586  3.349  8.700  1.029  0.418  1.250
 0.2512 -0.7052  -0.187 -0.105 -0.040 -1.432 -0.851 -0.053  0.352 -0.289  5.754  1.306  0.016  0.058  0.995  0.337  0.285  0.126  0.196  0.140  1.241  0.044  0.059  7.580  7.153  5.912  6.055  1.345  5.245  3.383  8.392  1.021  0.384  1.241
 0.2818 -0.7052  -0.189 -0.107 -0.016 -1.418 -0.841 -0.024  0.426 -0.263  5.831  1.396  0.016  0.060  1.032  0.397  0.333  0.152  0.210  0.151  1.262  0.043  0.058  7.657  7.172  5.922  6.034  1.369  5.264  3.246  8.283  1.019  0.387  1.238
 0.3162 -0.7052  -0.192 -0.110  0.011 -1.416 -0.772  0.007  0.503 -0.224  5.909  1.479  0.017  0.060  1.077  0.464  0.389  0.182  0.226  0.165  1.305  0.043  0.058  7.743  7.241  5.950  6.033  1.396  5.353  3.116  8.251  1.017  0.395  1.236
 0.3548 -0.7052  -0.196 -0.113  0.037 -1.483 -0.762  0.027  0.556 -0.203  6.024  1.555  0.018  0.060  1.101  0.511  0.428  0.206  0.238  0.175  1.331  0.043  0.059  7.925  7.443  6.054  6.115  1.398  5.428  3.056  8.271  1.018  0.403  1.235
 0.3981 -0.7052  -0.199 -0.115  0.060 -1.521 -0.737  0.048  0.614 -0.208  6.110  1.586  0.018  0.060  1.100  0.550  0.459  0.224  0.252  0.185  1.338  0.041  0.055  8.083  7.628  6.131  6.184  1.418  5.402  3.053  8.241  1.013  0.401  1.231
 0.4467 -0.7052  -0.200 -0.116  0.093 -1.472 -0.688  0.080  0.693 -0.175  6.126  1.688  0.018  0.062  1.141  0.609  0.509  0.253  0.263  0.196  1.368  0.042  0.056  8.154  7.679  6.133  6.183  1.439  5.471  2.985  8.247  1.013  0.411  1.230
 0.5012 -0.7052  -0.200 -0.116  0.127 -1.407 -0.638  0.110  0.769 -0.140  6.120  1.787  0.018  0.064  1.183  0.666  0.558  0.281  0.274  0.207  1.398  0.042  0.057  8.199  7.697  6.123  6.166  1.456  5.538  2.919  8.252  1.013  0.421  1.231
 0.5623 -0.7052  -0.198 -0.116  0.160 -1.310 -0.576  0.142  0.844 -0.096  6.079  1.894  0.018  0.067  1.228  0.722  0.605  0.309  0.285  0.217  1.422  0.043  0.059  8.187  7.646  6.077  6.110  1.472  5.596  2.849  8.246  1.014  0.430  1.232
 0.6310 -0.7052  -0.195 -0.114  0.198 -1.136 -0.471  0.182  0.937 -0.031  5.973  2.017  0.019  0.070  1.288  0.794  0.665  0.344  0.299  0.231  1.453  0.043  0.059  8.087  7.466  5.969  5.986  1.490  5.651  2.765  8.222  1.013  0.438  1.231
 0.7079 -0.7052  -0.191 -0.112  0.229 -0.975 -0.383  0.217  1.016  0.015  5.873  2.117  0.019  0.072  1.332  0.851  0.708  0.367  0.311  0.241  1.468  0.043  0.059  8.001  7.296  5.874  5.873  1.511  5.674  2.705  8.190  1.013  0.443  1.231
 0.7943 -0.7052  -0.186 -0.109  0.263 -0.758 -0.265  0.256  1.102  0.077  5.722  2.226  0.019  0.075  1.382  0.914  0.756  0.393  0.325  0.252  1.485  0.043  0.059  7.823  7.004  5.725  5.695  1.533  5.708  2.621  8.146  1.012  0.447  1.229
 0.8913 -0.7052  -0.179 -0.105  0.302 -0.481 -0.105  0.303  1.202  0.172  5.518  2.363  0.019  0.079  1.455  0.995  0.818  0.429  0.342  0.267  1.512  0.043  0.059  7.534  6.585  5.511  5.442  1.553  5.770  2.506  8.100  1.011  0.454  1.228
 1.0000 -0.7052  -0.171 -0.100  0.338 -0.193  0.051  0.348  1.295  0.256  5.304  2.490  0.020  0.082  1.517  1.066  0.871  0.460  0.360  0.279  1.526  0.042  0.059  7.224  6.121  5.288  5.173  1.581  5.823  2.386  8.042  1.010  0.460  1.227
 1.1220 -0.7052  -0.162 -0.095  0.374  0.139  0.248  0.397  1.395  0.349  5.051  2.598  0.020  0.085  1.571  1.142  0.929  0.494  0.379  0.294  1.546  0.042  0.057  6.822  5.553  5.015  4.843  1.607  5.875  2.251  7.968  1.008  0.465  1.224
 1.2589 -0.7052  -0.146 -0.083  0.424  0.675  0.588  0.482  1.556  0.553  4.634  2.823  0.023  0.090  1.667  1.285  1.032  0.567  0.427  0.330  1.555  0.040  0.054  6.108  4.538  4.572  4.275  1.638  6.009  2.026  7.893  1.005  0.475  1.215
 1.4125 -0.7052  -0.125 -0.068  0.474  1.363  1.068  0.592  1.757  0.825  4.110  3.082  0.027  0.097  1.774  1.468  1.165  0.662  0.494  0.378  1.580  0.037  0.049  5.095  3.187  3.960  3.516  1.684  6.195  1.766  7.838  0.998  0.490  1.202
 1.5849 -0.7052  -0.126 -0.066  0.531  1.265  0.948  0.605  1.790  0.871  4.128  3.270  0.028  0.103  1.881  1.498  1.197  0.689  0.494  0.392  1.626  0.042  0.060  5.345  3.343  4.132  3.632  1.680  6.343  1.746  7.966  1.011  0.518  1.215
 1.7783 -0.7052  -0.117 -0.061  0.550  1.550  1.108  0.634  1.848  0.882  3.907  3.293  0.028  0.103  1.901  1.533  1.210  0.694  0.510  0.396  1.604  0.039  0.053  4.895  2.763  3.853  3.305  1.676  6.271  1.665  7.819  1.007  0.509  1.206
 1.9953 -0.7052  -0.105 -0.053  0.590  1.961  1.361  0.688  1.950  0.972  3.590  3.385  0.030  0.107  1.946  1.612  1.267  0.736  0.542  0.415  1.620  0.037  0.049  4.225  1.890  3.448  2.820  1.682  6.339  1.514  7.747  1.002  0.516  1.196
 2.2387 -0.7052  -0.092 -0.044  0.632  2.401  1.642  0.750  2.058  1.113  3.270  3.528  0.033  0.112  2.024  1.701  1.332  0.783  0.571  0.433  1.640  0.036  0.048  3.488  0.936  3.007  2.285  1.702  6.425  1.364  7.694  0.999  0.525  1.190
 2.5119 -0.7052  -0.083 -0.038  0.665  2.726  1.812  0.788  2.125  1.182  3.045  3.619  0.034  0.114  2.069  1.749  1.365  0.807  0.587  0.439  1.642  0.036  0.048  2.933  0.213  2.671  1.883  1.713  6.465  1.262  7.639  0.999  0.531  1.187
 2.8184 -0.7052  -0.075 -0.032  0.691  2.989  1.979  0.819  2.178  1.230  2.863  3.660  0.035  0.116  2.103  1.787  1.391  0.825  0.601  0.445  1.642  0.034  0.045  2.460 -0.345  2.379  1.557  1.728  6.470  1.180  7.567  0.996  0.532  1.183
 3.1623 -0.7052  -0.070 -0.029  0.708  3.134  2.057  0.835  2.208  1.250  2.756  3.691  0.036  0.118  2.118  1.808  1.405  0.836  0.607  0.447  1.651  0.034  0.044  2.180 -0.672  2.208  1.368  1.738  6.471  1.133  7.525  0.995  0.534  1.180
 3.5481 -0.7052  -0.067 -0.027  0.722  3.229  2.086  0.846  2.229  1.237  2.682  3.713  0.037  0.119  2.120  1.821  1.412  0.847  0.616  0.450  1.648  0.033  0.043  2.034 -0.878  2.116  1.248  1.742  6.485  1.101  7.509  0.993  0.538  1.177
 3.9811 -0.7052  -0.062 -0.022  0.741  3.382  2.174  0.869  2.267  1.274  2.571  3.760  0.038  0.122  2.159  1.847  1.432  0.864  0.626  0.458  1.661  0.033  0.043  1.751 -1.236  1.940  1.038  1.756  6.516  1.050  7.493  0.992  0.545  1.174
 4.4668 -0.7052  -0.059 -0.021  0.777  3.513  2.251  0.881  2.298  1.254  2.470  3.767  0.040  0.124  2.181  1.868  1.457  0.886  0.633  0.461  1.688  0.033  0.042  1.530 -1.463  1.776  0.877  1.759  6.540  1.001  7.470  0.988  0.551  1.170
 5.0119 -0.7052  -0.054 -0.017  0.806  3.668  2.364  0.908  2.345  1.312  2.352  3.805  0.042  0.127  2.188  1.905  1.492  0.911  0.641  0.470  1.727  0.033  0.043  1.275 -1.834  1.627  0.672  1.772  6.578  0.954  7.465  0.987  0.559  1.168
 5.6234 -0.7052  -0.052 -0.016  0.832  3.754  2.441  0.919  2.366  1.303  2.276  3.781  0.043  0.129  2.208  1.919  1.512  0.925  0.643  0.472  1.763  0.032  0.041  1.111 -2.069  1.532  0.537  1.774  6.560  0.916  7.411  0.984  0.562  1.162
 6.3096 -0.7052  -0.048 -0.014  0.872  3.906  2.572  0.945  2.415  1.347  2.172  3.814  0.046  0.132  2.232  1.963  1.555  0.954  0.654  0.481  1.816  0.032  0.041  0.864 -2.415  1.396  0.344  1.805  6.598  0.877  7.413  0.983  0.571  1.157
 7.0795 -0.7052  -0.045 -0.011  0.905  4.015  2.719  0.971  2.460  1.411  2.100  3.822  0.049  0.137  2.322  2.001  1.597  0.980  0.659  0.492  1.880  0.031  0.041  0.634 -2.699  1.280  0.181  1.838  6.625  0.844  7.409  0.981  0.578  1.155
 7.9433 -0.7052  -0.044 -0.011  0.953  4.134  2.871  0.994  2.504  1.450  2.026  3.828  0.052  0.143  2.416  2.042  1.649  1.015  0.666  0.499  1.950  0.031  0.041  0.409 -2.976  1.165  0.020  1.854  6.650  0.813  7.406  0.978  0.586  1.152
 8.9125 -0.7052  -0.040 -0.007  0.982  4.251  3.006  1.021  2.550  1.507  1.952  3.849  0.055  0.148  2.494  2.081  1.686  1.038  0.673  0.510  2.008  0.031  0.041  0.174 -3.266  1.047 -0.145  1.881  6.685  0.788  7.418  0.977  0.594  1.150
10.0000 -0.7052  -0.038 -0.006  1.019  4.375  3.136  1.043  2.593  1.536  1.879  3.867  0.058  0.153  2.570  2.119  1.724  1.063  0.681  0.517  2.063  0.031  0.041 -0.037 -3.537  0.939 -0.298  1.907  6.715  0.766  7.428  0.975  0.602  1.148
11.2202 -0.7052  -0.035 -0.004  1.055  4.475  3.299  1.072  2.642  1.613  1.814  3.871  0.061  0.159  2.658  2.161  1.777  1.098  0.685  0.528  2.142  0.031  0.041 -0.278 -3.784  0.825 -0.443  1.942  6.753  0.748  7.449  0.972  0.610  1.146
12.5893 -0.7052  -0.033 -0.002  1.095  4.612  3.432  1.098  2.692  1.648  1.737  3.898  0.064  0.165  2.734  2.201  1.815  1.123  0.695  0.537  2.198  0.031  0.042 -0.502 -4.075  0.713 -0.603  1.976  6.803  0.732  7.484  0.970  0.619  1.145
14.1254 -0.7052  -0.029  0.001  1.123  4.714  3.529  1.120  2.730  1.676  1.675  3.916  0.066  0.170  2.791  2.230  1.850  1.152  0.701  0.545  2.243  0.031  0.042 -0.691 -4.308  0.618 -0.733  2.007  6.833  0.721  7.503  0.967  0.626  1.142
15.8489 -0.7052  -0.029  0.002  1.154  4.784  3.639  1.134  2.762  1.677  1.628  3.892  0.069  0.175  2.851  2.257  1.880  1.169  0.705  0.551  2.306  0.030  0.040 -0.829 -4.453  0.552 -0.815  2.035  6.843  0.713  7.506  0.964  0.631  1.138
17.7828 -0.7052  -0.029  0.002  1.181  4.822  3.673  1.136  2.778  1.616  1.599  3.849  0.071  0.180  2.874  2.265  1.897  1.184  0.707  0.554  2.354  0.030  0.040 -0.854 -4.512  0.528 -0.840  2.042  6.846  0.714  7.509  0.961  0.637  1.134
 0.0631 -0.3960  -0.188 -0.104  0.013 -1.363  0.196  0.154  0.854 -0.211  6.129  1.872  0.021  0.070  0.939  0.894  0.631  0.413  0.481  0.383  1.371  0.019  0.017  8.607  8.095  6.360  6.451  1.165  5.125  4.470  9.282  0.971  0.302  1.153
 0.0708 -0.3960  -0.185 -0.104  0.012 -1.280  0.181  0.156  0.858 -0.211  6.076  1.847  0.020  0.067  0.936  0.875  0.615  0.394  0.468  0.369  1.317  0.018  0.015  8.509  7.987  6.287  6.392  1.179  4.990  4.605  9.272  0.969  0.281  1.151
 0.0794 -0.3960  -0.183 -0.103  0.011 -1.175  0.124  0.160  0.868 -0.243  6.022  1.832  0.018  0.065  0.915  0.851  0.589  0.366  0.453  0.347  1.241  0.018  0.012  8.438  7.870  6.202  6.316  1.195  4.769  4.792  9.226  0.967  0.252  1.147
 0.0891 -0.3960  -0.180 -0.102  0.017 -1.063  0.128  0.167  0.882 -0.216  5.935  1.827  0.017  0.064  0.937  0.846  0.589  0.358  0.443  0.338  1.218  0.018  0.011  8.296  7.669  6.105  6.201  1.214  4.668  4.858  9.186  0.966  0.238  1.146
 0.1000 -0.3960  -0.176 -0.099  0.013 -0.963  0.072  0.151  0.837 -0.213  5.807  1.748  0.017  0.063  0.936  0.806  0.561  0.337  0.427  0.322  1.187  0.018  0.011  8.033  7.363  5.976  6.050  1.230  4.587  4.867  9.114  0.965  0.229  1.148
 0.1122 -0.3960  -0.177 -0.100  0.023 -0.952  0.074  0.156  0.850 -0.211  5.815  1.758  0.016  0.061  0.916  0.804  0.561  0.334  0.421  0.316  1.174  0.018  0.012  8.044  7.376  5.969  6.049  1.240  4.458  4.938  9.050  0.965  0.216  1.151
 0.1259 -0.3960  -0.170 -0.095  0.110 -0.738 -0.031  0.213  0.862  0.538  5.537  2.784  0.014  0.080  1.634  0.973  0.732  0.367  0.312  0.270  1.529  0.060  0.092  7.345  6.621  5.654  5.696  1.262  5.797  3.381  8.941  1.151  0.457  1.271
 0.1413 -0.3960  -0.170 -0.095  0.046 -0.861 -0.153  0.112  0.647  0.249  5.501  2.235  0.014  0.068  1.366  0.773  0.564  0.277  0.288  0.236  1.373  0.052  0.075  7.184  6.518  5.628  5.674  1.272  5.581  3.446  8.786  1.150  0.435  1.267
 0.1585 -0.3960  -0.172 -0.096 -0.029 -1.073 -0.444 -0.014  0.370 -0.096  5.527  1.561  0.015  0.059  1.075  0.513  0.344  0.160  0.254  0.192  1.175  0.042  0.054  7.125  6.686  5.667  5.844  1.294  5.393  3.475  8.624  1.144  0.411  1.262
 0.1778 -0.3960  -0.177 -0.100 -0.040 -1.230 -0.594 -0.037  0.328 -0.202  5.712  1.388  0.015  0.058  1.005  0.455  0.294  0.133  0.250  0.181  1.111  0.037  0.045  7.332  6.885  5.771  5.918  1.324  5.299  3.454  8.512  1.140  0.398  1.258
 0.1995 -0.3960  -0.184 -0.104 -0.029 -1.357 -0.582 -0.023  0.371 -0.217  5.907  1.382  0.016  0.053  0.968  0.484  0.317  0.151  0.270  0.189  1.102  0.034  0.038  7.558  7.143  5.914  6.025  1.339  5.210  3.462  8.429  1.131  0.380  1.251
 0.2239 -0.3960  -0.190 -0.108 -0.012 -1.459 -0.577 -0.001  0.431 -0.211  6.081  1.430  0.016  0.052  0.973  0.521  0.350  0.168  0.282  0.195  1.115  0.032  0.035  7.792  7.427  6.039  6.143  1.345  5.148  3.466  8.371  1.128  0.372  1.247
 0.2512 -0.3960  -0.196 -0.113  0.006 -1.592 -0.602  0.016  0.483 -0.223  6.277  1.470  0.016  0.051  0.961  0.550  0.374  0.180  0.293  0.200  1.121  0.031  0.033  8.086  7.792  6.201  6.305  1.359  5.064  3.500  8.320  1.127  0.364  1.244
 0.2818 -0.3960  -0.202 -0.117  0.025 -1.720 -0.631  0.031  0.532 -0.242  6.452  1.493  0.016  0.050  0.942  0.575  0.395  0.194  0.305  0.207  1.123  0.029  0.029  8.384  8.157  6.364  6.472  1.377  4.963  3.567  8.280  1.109  0.355  1.238
 0.3162 -0.3960  -0.205 -0.120  0.054 -1.730 -0.613  0.064  0.614 -0.195  6.538  1.618  0.015  0.052  0.988  0.631  0.444  0.217  0.313  0.214  1.158  0.030  0.031  8.565  8.351  6.431  6.542  1.395  5.025  3.511  8.291  1.102  0.365  1.239
 0.3548 -0.3960  -0.207 -0.122  0.081 -1.735 -0.608  0.091  0.682 -0.160  6.608  1.728  0.015  0.054  1.027  0.676  0.482  0.234  0.319  0.219  1.185  0.031  0.033  8.729  8.525  6.489  6.608  1.411  5.076  3.471  8.304  1.097  0.375  1.240
 0.3981 -0.3960  -0.207 -0.122  0.112 -1.666 -0.577  0.125  0.765 -0.114  6.622  1.856  0.014  0.056  1.076  0.728  0.525  0.254  0.325  0.225  1.210  0.032  0.035  8.822  8.593  6.488  6.615  1.429  5.139  3.416  8.315  1.092  0.383  1.240
 0.4467 -0.3960  -0.205 -0.122  0.142 -1.546 -0.505  0.162  0.852 -0.058  6.572  1.958  0.014  0.059  1.119  0.788  0.578  0.281  0.339  0.237  1.245  0.032  0.036  8.823  8.541  6.441  6.560  1.455  5.190  3.352  8.307  1.084  0.389  1.238
 0.5012 -0.3960  -0.202 -0.120  0.177 -1.363 -0.407  0.205  0.951  0.023  6.466  2.088  0.014  0.062  1.178  0.857  0.637  0.312  0.353  0.249  1.283  0.033  0.037  8.737  8.375  6.339  6.442  1.479  5.256  3.258  8.286  1.082  0.398  1.238
 0.5623 -0.3960  -0.198 -0.118  0.210 -1.187 -0.320  0.244  1.038  0.093  6.358  2.202  0.014  0.065  1.230  0.916  0.689  0.339  0.365  0.259  1.316  0.033  0.038  8.663  8.206  6.245  6.328  1.503  5.309  3.179  8.266  1.081  0.406  1.238
 0.6310 -0.3960  -0.192 -0.114  0.248 -0.914 -0.177  0.294  1.145  0.199  6.164  2.342  0.015  0.069  1.299  0.993  0.755  0.376  0.382  0.273  1.356  0.034  0.040  8.442  7.844  6.063  6.111  1.533  5.393  3.056  8.234  1.079  0.415  1.237
 0.7079 -0.3960  -0.183 -0.109  0.287 -0.584 -0.003  0.351  1.259  0.347  5.909  2.535  0.016  0.074  1.388  1.088  0.834  0.425  0.407  0.293  1.396  0.035  0.042  8.101  7.319  5.818  5.811  1.558  5.547  2.866  8.212  1.079  0.432  1.237
 0.7943 -0.3960  -0.174 -0.103  0.326 -0.245  0.185  0.406  1.369  0.476  5.648  2.678  0.017  0.078  1.465  1.171  0.905  0.468  0.430  0.309  1.435  0.035  0.042  7.718  6.765  5.554  5.492  1.581  5.642  2.700  8.153  1.079  0.442  1.236
 0.8913 -0.3960  -0.163 -0.096  0.370  0.160  0.420  0.469  1.491  0.643  5.329  2.848  0.018  0.082  1.559  1.270  0.988  0.519  0.457  0.329  1.480  0.035  0.042  7.211  6.038  5.223  5.083  1.604  5.742  2.521  8.087  1.076  0.452  1.233
 1.0000 -0.3960  -0.153 -0.090  0.410  0.542  0.666  0.529  1.603  0.812  5.028  2.983  0.020  0.087  1.646  1.360  1.069  0.568  0.480  0.347  1.535  0.034  0.041  6.688  5.325  4.898  4.682  1.624  5.832  2.360  8.027  1.072  0.461  1.231
 1.1220 -0.3960  -0.139 -0.080  0.454  1.004  0.927  0.598  1.731  0.996  4.659  3.184  0.022  0.093  1.741  1.466  1.151  0.629  0.519  0.373  1.557  0.034  0.041  6.027  4.396  4.490  4.173  1.640  5.966  2.167  7.982  1.065  0.474  1.227
 1.2589 -0.3960  -0.113 -0.058  0.538  1.728  1.447  0.735  1.974  1.446  4.063  3.608  0.031  0.108  1.955  1.705  1.352  0.793  0.614  0.456  1.657  0.035  0.044  4.878  2.806  3.841  3.322  1.686  6.386  1.824  8.082  1.056  0.520  1.217
 1.4125 -0.3960  -0.106 -0.052  0.591  1.768  1.405  0.756  2.024  1.506  3.978  3.787  0.031  0.116  2.052  1.748  1.386  0.829  0.622  0.482  1.689  0.038  0.051  4.855  2.657  3.821  3.273  1.663  6.467  1.754  8.098  1.077  0.538  1.226
 1.5849 -0.3960  -0.097 -0.045  0.638  2.051  1.600  0.799  2.108  1.599  3.739  3.844  0.034  0.120  2.107  1.807  1.446  0.877  0.640  0.502  1.740  0.036  0.049  4.334  2.018  3.517  2.930  1.662  6.548  1.630  8.063  1.063  0.545  1.217
 1.7783 -0.3960  -0.087 -0.037  0.691  2.382  1.839  0.852  2.204  1.746  3.475  3.940  0.037  0.126  2.187  1.879  1.518  0.927  0.658  0.522  1.805  0.037  0.051  3.676  1.267  3.139  2.520  1.668  6.645  1.502  8.042  1.058  0.558  1.215
 1.9953 -0.3960  -0.076 -0.029  0.742  2.729  2.097  0.906  2.302  1.897  3.208  4.016  0.040  0.132  2.253  1.952  1.590  0.983  0.680  0.544  1.864  0.037  0.051  2.987  0.437  2.753  2.067  1.685  6.750  1.371  8.025  1.048  0.569  1.208
 2.2387 -0.3960  -0.065 -0.021  0.797  3.069  2.365  0.962  2.402  2.063  2.962  4.112  0.044  0.138  2.330  2.032  1.668  1.041  0.703  0.565  1.930  0.037  0.052  2.309 -0.347  2.372  1.630  1.712  6.842  1.258  8.012  1.042  0.581  1.201
 2.5119 -0.3960  -0.053 -0.012  0.841  3.406  2.633  1.018  2.495  2.237  2.731  4.216  0.048  0.144  2.406  2.109  1.735  1.090  0.728  0.584  1.975  0.037  0.051  1.650 -1.133  2.011  1.189  1.744  6.903  1.165  7.987  1.039  0.592  1.196
 2.8184 -0.3960  -0.047 -0.007  0.884  3.637  2.823  1.058  2.563  2.357  2.573  4.274  0.050  0.149  2.469  2.157  1.788  1.125  0.736  0.595  2.034  0.038  0.055  1.180 -1.658  1.740  0.878  1.772  6.958  1.104  7.985  1.041  0.601  1.193
 3.1623 -0.3960  -0.040 -0.002  0.910  3.862  3.011  1.088  2.616  2.417  2.426  4.289  0.053  0.152  2.495  2.196  1.819  1.146  0.753  0.605  2.057  0.036  0.051  0.810 -2.174  1.527  0.590  1.799  6.965  1.037  7.930  1.031  0.605  1.185
 3.5481 -0.3960  -0.035  0.002  0.935  4.010  3.149  1.112  2.657  2.481  2.324  4.320  0.054  0.154  2.508  2.227  1.848  1.166  0.760  0.612  2.089  0.036  0.051  0.569 -2.512  1.387  0.403  1.822  6.993  1.001  7.924  1.026  0.611  1.179
 3.9811 -0.3960  -0.032  0.004  0.961  4.090  3.236  1.132  2.692  2.536  2.271  4.353  0.056  0.158  2.564  2.256  1.879  1.189  0.766  0.620  2.129  0.037  0.052  0.417 -2.712  1.311  0.291  1.837  7.024  0.980  7.935  1.023  0.618  1.177
 4.4668 -0.3960  -0.029  0.007  0.994  4.205  3.354  1.156  2.735  2.598  2.202  4.382  0.059  0.163  2.631  2.290  1.914  1.213  0.773  0.628  2.177  0.037  0.053  0.213 -2.986  1.203  0.138  1.858  7.057  0.953  7.944  1.020  0.625  1.175
 5.0119 -0.3960  -0.026  0.008  1.032  4.325  3.464  1.175  2.769  2.632  2.139  4.424  0.060  0.167  2.713  2.323  1.945  1.231  0.776  0.629  2.228  0.037  0.053  0.011 -3.260  1.087 -0.020  1.884  7.066  0.923  7.924  1.016  0.631  1.172
 5.6234 -0.3960  -0.021  0.012  1.066  4.473  3.598  1.205  2.818  2.714  2.058  4.478  0.063  0.172  2.800  2.362  1.983  1.257  0.783  0.637  2.278  0.037  0.054 -0.258 -3.613  0.948 -0.217  1.923  7.098  0.896  7.932  1.014  0.638  1.171
 6.3096 -0.3960  -0.019  0.014  1.103  4.575  3.688  1.229  2.855  2.762  1.992  4.538  0.065  0.177  2.894  2.396  2.016  1.279  0.789  0.641  2.335  0.037  0.054 -0.454 -3.881  0.849 -0.371  1.950  7.125  0.871  7.934  1.009  0.647  1.167
 7.0795 -0.3960  -0.017  0.015  1.129  4.669  3.774  1.244  2.880  2.765  1.935  4.532  0.067  0.181  2.953  2.415  2.036  1.291  0.790  0.641  2.387  0.037  0.053 -0.635 -4.105  0.757 -0.504  1.970  7.105  0.854  7.900  1.006  0.651  1.166
 7.9433 -0.3960  -0.015  0.017  1.174  4.774  3.900  1.267  2.927  2.803  1.869  4.561  0.070  0.186  3.027  2.457  2.079  1.321  0.797  0.648  2.458  0.037  0.054 -0.833 -4.345  0.660 -0.642  1.998  7.128  0.838  7.907  1.003  0.660  1.164
 8.9125 -0.3960  -0.011  0.020  1.203  4.885  4.007  1.292  2.966  2.859  1.804  4.593  0.073  0.191  3.095  2.488  2.110  1.341  0.802  0.654  2.508  0.037  0.054 -1.058 -4.613  0.554 -0.795  2.030  7.143  0.825  7.911  1.001  0.666  1.162
10.0000 -0.3960  -0.008  0.023  1.239  4.993  4.121  1.322  3.013  2.936  1.738  4.657  0.076  0.197  3.176  2.528  2.150  1.370  0.810  0.662  2.564  0.038  0.055 -1.285 -4.879  0.452 -0.945  2.071  7.171  0.818  7.932  1.000  0.674  1.162
11.2202 -0.3960  -0.006  0.025  1.270  5.083  4.222  1.341  3.050  2.965  1.685  4.687  0.078  0.201  3.222  2.563  2.183  1.393  0.817  0.667  2.619  0.038  0.056 -1.454 -5.073  0.367 -1.054  2.096  7.180  0.815  7.938  1.001  0.679  1.161
12.5893 -0.3960  -0.004  0.026  1.296  5.166  4.294  1.364  3.083  3.001  1.630  4.739  0.081  0.205  3.283  2.592  2.211  1.412  0.821  0.669  2.675  0.038  0.056 -1.634 -5.285  0.282 -1.175  2.128  7.184  0.813  7.940  1.003  0.685  1.161
14.1254 -0.3960  -0.002  0.028  1.345  5.280  4.430  1.393  3.138  3.040  1.555  4.776  0.085  0.212  3.356  2.639  2.260  1.445  0.830  0.677  2.758  0.039  0.058 -1.867 -5.550  0.173 -1.327  2.173  7.194  0.813  7.950  1.007  0.693  1.162
15.8489 -0.3960  -0.002  0.027  1.393  5.363  4.528  1.419  3.183  3.041  1.482  4.799  0.090  0.219  3.434  2.678  2.303  1.474  0.837  0.682  2.849  0.040  0.059 -2.062 -5.783  0.085 -1.464  2.209  7.213  0.804  7.961  1.002  0.703  1.159
17.7828 -0.3960  -0.005  0.024  1.430  5.429  4.692  1.449  3.231  3.122  1.437  4.832  0.094  0.223  3.527  2.726  2.361  1.504  0.838  0.685  2.961  0.040  0.060 -2.228 -5.894  0.011 -1.541  2.255  7.255  0.804  8.002  0.999  0.710  1.158
 0.0631  0.0000  -0.145 -0.079  0.172  0.178  0.863  0.440  1.266  1.083  4.979  2.703  0.033  0.114  1.770  1.407  1.172  0.718  0.632  0.515  1.866  0.029  0.040  6.338  5.431  4.851  5.050  1.208  6.424  4.035 10.176  0.976  0.383  1.161
 0.0708  0.0000  -0.143 -0.076  0.186  0.249  0.808  0.462  1.298  1.204  4.955  2.788  0.034  0.120  1.882  1.462  1.213  0.749  0.654  0.527  1.864  0.027  0.036  6.201  5.137  4.805  4.875  1.230  6.399  3.908 10.034  0.976  0.386  1.159
 0.0794  0.0000  -0.146 -0.077  0.182  0.081  0.737  0.427  1.215  1.167  5.050  2.694  0.035  0.108  1.723  1.431  1.180  0.736  0.654  0.524  1.823  0.026  0.033  6.363  5.376  5.018  5.020  1.233  6.129  3.921  9.775  0.977  0.377  1.158
 0.0891  0.0000  -0.149 -0.079  0.164 -0.047  0.672  0.388  1.123  1.112  5.104  2.564  0.035  0.097  1.598  1.378  1.130  0.708  0.643  0.509  1.757  0.025  0.029  6.440  5.520  5.139  5.104  1.237  5.936  3.924  9.586  0.977  0.371  1.156
 0.1000  0.0000  -0.156 -0.084  0.071 -0.556  0.326  0.207  0.735  0.642  5.325  1.975  0.031  0.075  1.183  1.079  0.842  0.532  0.559  0.438  1.497  0.022  0.022  6.726  5.988  5.391  5.376  1.251  5.756  3.942  9.422  0.977  0.368  1.156
 0.1122  0.0000  -0.163 -0.088  0.026 -0.934  0.068  0.117  0.545  0.364  5.572  1.693  0.027  0.063  0.878  0.918  0.671  0.431  0.515  0.402  1.322  0.021  0.017  7.037  6.518  5.646  5.703  1.265  5.560  4.000  9.280  0.978  0.363  1.159
 0.1259  0.0000  -0.172 -0.096 -0.015 -1.325 -0.224 -0.006  0.277  0.059  5.832  1.300  0.022  0.051  0.735  0.650  0.430  0.256  0.397  0.316  1.144  0.026  0.024  7.422  7.092  5.892  6.006  1.278  5.086  3.541  8.379  1.246  0.391  1.259
 0.1413  0.0000  -0.177 -0.098 -0.013 -1.562 -0.355  0.004  0.316 -0.003  6.144  1.386  0.019  0.050  0.594  0.662  0.412  0.249  0.405  0.324  1.075  0.025  0.022  7.822  7.589  6.105  6.253  1.290  4.925  3.657  8.326  1.226  0.377  1.258
 0.1585  0.0000  -0.187 -0.105  0.005 -1.790 -0.432  0.016  0.364 -0.034  6.454  1.400  0.018  0.051  0.617  0.663  0.421  0.247  0.400  0.324  1.071  0.024  0.020  8.278  8.173  6.348  6.532  1.305  4.742  3.813  8.288  1.198  0.361  1.255
 0.1778  0.0000  -0.194 -0.110  0.024 -1.929 -0.472  0.040  0.436 -0.029  6.692  1.470  0.016  0.052  0.643  0.689  0.448  0.256  0.404  0.325  1.068  0.023  0.017  8.644  8.617  6.526  6.735  1.324  4.619  3.918  8.263  1.178  0.346  1.251
 0.1995  0.0000  -0.199 -0.114  0.040 -2.024 -0.501  0.064  0.505 -0.026  6.881  1.536  0.015  0.052  0.662  0.712  0.472  0.264  0.408  0.325  1.060  0.022  0.015  8.953  8.979  6.668  6.897  1.339  4.524  4.030  8.272  1.148  0.332  1.245
 0.2239  0.0000  -0.204 -0.117  0.065 -2.078 -0.513  0.096  0.589  0.000  7.029  1.632  0.014  0.054  0.703  0.753  0.514  0.283  0.418  0.331  1.077  0.021  0.014  9.242  9.301  6.790  7.036  1.357  4.491  4.101  8.305  1.126  0.328  1.239
 0.2512  0.0000  -0.206 -0.119  0.090 -2.067 -0.501  0.132  0.678  0.057  7.116  1.756  0.013  0.056  0.757  0.801  0.561  0.303  0.426  0.335  1.100  0.022  0.014  9.444  9.507  6.856  7.113  1.379  4.500  4.068  8.284  1.131  0.333  1.240
 0.2818  0.0000  -0.207 -0.120  0.113 -2.036 -0.487  0.164  0.758  0.098  7.178  1.857  0.012  0.057  0.799  0.837  0.597  0.316  0.430  0.335  1.114  0.022  0.015  9.617  9.677  6.901  7.174  1.399  4.489  4.053  8.259  1.138  0.334  1.242
 0.3162  0.0000  -0.206 -0.120  0.139 -1.932 -0.442  0.204  0.852  0.168  7.170  1.982  0.011  0.059  0.851  0.889  0.647  0.338  0.440  0.339  1.134  0.022  0.015  9.703  9.720  6.891  7.168  1.422  4.512  4.023  8.253  1.134  0.339  1.240
 0.3548  0.0000  -0.203 -0.119  0.169 -1.767 -0.361  0.251  0.956  0.278  7.093  2.138  0.011  0.062  0.924  0.958  0.712  0.374  0.457  0.349  1.171  0.022  0.015  9.695  9.631  6.828  7.093  1.449  4.593  3.932  8.250  1.131  0.349  1.240
 0.3981  0.0000  -0.199 -0.116  0.200 -1.570 -0.271  0.298  1.059  0.387  6.982  2.287  0.011  0.065  0.997  1.024  0.775  0.406  0.471  0.356  1.207  0.022  0.015  9.645  9.481  6.738  6.987  1.470  4.671  3.842  8.244  1.131  0.357  1.240
 0.4467  0.0000  -0.192 -0.112  0.233 -1.298 -0.137  0.352  1.173  0.534  6.795  2.453  0.011  0.068  1.079  1.104  0.851  0.447  0.492  0.369  1.255  0.023  0.016  9.464  9.162  6.575  6.793  1.494  4.807  3.697  8.246  1.126  0.370  1.240
 0.5012  0.0000  -0.184 -0.106  0.272 -0.968  0.039  0.414  1.299  0.722  6.546  2.643  0.012  0.073  1.182  1.200  0.941  0.501  0.517  0.388  1.321  0.023  0.017  9.175  8.700  6.355  6.525  1.521  5.012  3.481  8.249  1.122  0.390  1.239
 0.5623  0.0000  -0.173 -0.099  0.313 -0.584  0.255  0.480  1.430  0.933  6.241  2.839  0.013  0.079  1.294  1.300  1.035  0.559  0.545  0.407  1.390  0.024  0.018  8.768  8.088  6.072  6.181  1.545  5.223  3.228  8.225  1.119  0.409  1.238
 0.6310  0.0000  -0.162 -0.092  0.354 -0.194  0.469  0.544  1.552  1.139  5.932  3.018  0.015  0.084  1.403  1.393  1.122  0.612  0.569  0.424  1.455  0.024  0.019  8.307  7.423  5.765  5.810  1.571  5.380  3.022  8.190  1.116  0.422  1.236
 0.7079  0.0000  -0.149 -0.083  0.399  0.252  0.729  0.614  1.685  1.381  5.571  3.214  0.017  0.090  1.525  1.497  1.221  0.674  0.598  0.444  1.529  0.024  0.020  7.710  6.590  5.389  5.352  1.590  5.555  2.787  8.147  1.112  0.438  1.235
 0.7943  0.0000  -0.134 -0.072  0.447  0.742  1.045  0.691  1.826  1.666  5.167  3.426  0.020  0.097  1.661  1.614  1.330  0.747  0.632  0.470  1.614  0.025  0.021  6.952  5.588  4.942  4.808  1.603  5.743  2.537  8.102  1.108  0.456  1.233
 0.8913  0.0000  -0.120 -0.061  0.496  1.196  1.341  0.764  1.957  1.934  4.796  3.616  0.023  0.104  1.795  1.722  1.432  0.816  0.663  0.495  1.703  0.025  0.023  6.225  4.628  4.514  4.289  1.611  5.911  2.306  8.056  1.107  0.473  1.232
 1.0000  0.0000  -0.104 -0.050  0.549  1.686  1.682  0.841  2.094  2.221  4.393  3.808  0.026  0.111  1.933  1.836  1.541  0.890  0.697  0.523  1.796  0.026  0.024  5.349  3.531  4.021  3.703  1.622  6.082  2.072  8.009  1.101  0.491  1.231
 1.1220  0.0000  -0.088 -0.038  0.601  2.166  2.035  0.919  2.229  2.523  4.005  3.998  0.031  0.120  2.072  1.952  1.650  0.968  0.733  0.553  1.892  0.026  0.025  4.368  2.391  3.496  3.105  1.643  6.252  1.855  7.977  1.097  0.510  1.227
 1.2589  0.0000  -0.067 -0.020  0.694  2.680  2.498  1.028  2.419  2.953  3.567  4.285  0.041  0.136  2.268  2.139  1.832  1.108  0.799  0.620  2.084  0.027  0.029  3.331  1.102  2.950  2.429  1.677  6.584  1.610  8.081  1.089  0.552  1.221
 1.4125  0.0000  -0.046 -0.002  0.785  3.193  2.992  1.141  2.610  3.431  3.165  4.575  0.051  0.153  2.476  2.317  2.008  1.249  0.857  0.683  2.268  0.030  0.037  2.201 -0.241  2.386  1.733  1.731  6.928  1.401  8.230  1.076  0.591  1.213
 1.5849  0.0000  -0.051 -0.008  0.862  3.203  2.957  1.152  2.640  3.351  3.103  4.574  0.055  0.158  2.512  2.320  2.035  1.260  0.844  0.691  2.369  0.034  0.048  2.089 -0.332  2.327  1.701  1.714  6.946  1.342  8.194  1.098  0.595  1.222
 1.7783  0.0000  -0.044 -0.003  0.918  3.433  3.173  1.196  2.717  3.486  2.920  4.654  0.059  0.165  2.595  2.375  2.096  1.300  0.855  0.707  2.452  0.036  0.052  1.427 -0.981  2.023  1.374  1.739  7.071  1.250  8.234  1.084  0.611  1.216
 1.9953  0.0000  -0.037  0.003  0.967  3.666  3.419  1.239  2.789  3.624  2.744  4.735  0.062  0.171  2.676  2.431  2.151  1.339  0.868  0.720  2.519  0.037  0.054  1.035 -1.552  1.793  1.061  1.778  7.190  1.165  8.273  1.065  0.627  1.206
 2.2387  0.0000  -0.027  0.011  1.024  3.920  3.737  1.293  2.877  3.828  2.568  4.865  0.067  0.180  2.793  2.506  2.224  1.392  0.888  0.739  2.598  0.038  0.056  0.579 -2.184  1.545  0.715  1.826  7.293  1.096  8.312  1.054  0.644  1.196
 2.5119  0.0000  -0.017  0.020  1.076  4.175  3.996  1.344  2.963  4.023  2.429  4.977  0.071  0.187  2.931  2.583  2.295  1.444  0.909  0.757  2.674  0.038  0.056  0.116 -2.800  1.295  0.374  1.873  7.343  1.040  8.310  1.050  0.656  1.191
 2.8184  0.0000  -0.008  0.027  1.132  4.406  4.221  1.394  3.041  4.223  2.303  5.104  0.075  0.196  3.089  2.650  2.362  1.490  0.923  0.769  2.752  0.039  0.059 -0.324 -3.368  1.072  0.056  1.931  7.385  0.998  8.313  1.051  0.666  1.191
 3.1623  0.0000   0.001  0.036  1.193  4.630  4.463  1.449  3.129  4.438  2.173  5.225  0.080  0.206  3.246  2.725  2.436  1.545  0.942  0.788  2.841  0.040  0.061 -0.782 -3.935  0.852 -0.261  2.008  7.433  0.970  8.335  1.052  0.680  1.189
 3.5481  0.0000   0.009  0.042  1.237  4.810  4.660  1.491  3.196  4.587  2.072  5.296  0.084  0.213  3.354  2.779  2.488  1.585  0.956  0.801  2.912  0.040  0.062 -1.151 -4.379  0.675 -0.507  2.062  7.438  0.957  8.328  1.056  0.688  1.189
 3.9811  0.0000   0.015  0.048  1.287  4.967  4.847  1.525  3.258  4.703  1.981  5.353  0.088  0.220  3.458  2.834  2.542  1.624  0.970  0.812  2.989  0.040  0.062 -1.470 -4.756  0.515 -0.725  2.111  7.465  0.933  8.333  1.050  0.698  1.186
 4.4668  0.0000   0.012  0.044  1.290  4.946  4.814  1.520  3.249  4.647  1.987  5.325  0.088  0.220  3.460  2.822  2.535  1.616  0.963  0.805  3.000  0.040  0.062 -1.412 -4.694  0.542 -0.696  2.103  7.446  0.940  8.320  1.050  0.700  1.185
 5.0119  0.0000   0.016  0.049  1.331  5.067  4.947  1.552  3.300  4.746  1.914  5.383  0.091  0.226  3.539  2.863  2.577  1.646  0.973  0.816  3.061  0.041  0.063 -1.667 -5.002  0.424 -0.867  2.142  7.445  0.932  8.312  1.054  0.705  1.185
 5.6234  0.0000   0.022  0.054  1.381  5.186  5.103  1.586  3.360  4.850  1.836  5.442  0.095  0.233  3.625  2.915  2.627  1.684  0.984  0.828  3.145  0.041  0.064 -1.934 -5.314  0.297 -1.042  2.189  7.448  0.921  8.304  1.055  0.712  1.184
 6.3096  0.0000   0.020  0.051  1.400  5.246  5.130  1.589  3.365  4.791  1.798  5.410  0.096  0.234  3.667  2.913  2.629  1.680  0.979  0.818  3.183  0.040  0.062 -2.033 -5.445  0.251 -1.128  2.208  7.418  0.899  8.254  1.046  0.718  1.180
 7.0795  0.0000   0.024  0.055  1.444  5.338  5.264  1.615  3.414  4.864  1.735  5.448  0.099  0.240  3.744  2.957  2.668  1.708  0.987  0.826  3.263  0.040  0.063 -2.241 -5.682  0.148 -1.264  2.253  7.406  0.894  8.237  1.048  0.723  1.181
 7.9433  0.0000   0.027  0.058  1.486  5.450  5.390  1.646  3.462  4.943  1.664  5.490  0.103  0.247  3.827  2.993  2.706  1.736  0.994  0.832  3.333  0.041  0.063 -2.497 -5.969  0.043 -1.431  2.302  7.392  0.883  8.213  1.049  0.728  1.180
 8.9125  0.0000   0.032  0.062  1.541  5.544  5.544  1.679  3.524  5.037  1.592  5.535  0.107  0.254  3.908  3.045  2.759  1.776  1.004  0.845  3.429  0.041  0.065 -2.737 -6.232 -0.067 -1.582  2.354  7.380  0.875  8.194  1.051  0.733  1.180
10.0000  0.0000   0.035  0.066  1.587  5.626  5.661  1.708  3.572  5.107  1.528  5.574  0.111  0.260  3.982  3.084  2.800  1.807  1.011  0.853  3.508  0.042  0.066 -2.954 -6.466 -0.154 -1.716  2.407  7.370  0.867  8.176  1.050  0.740  1.179
11.2202  0.0000   0.039  0.070  1.641  5.716  5.807  1.741  3.631  5.194  1.459  5.618  0.116  0.267  4.060  3.134  2.850  1.844  1.020  0.864  3.603  0.042  0.067 -3.197 -6.721 -0.259 -1.859  2.453  7.347  0.862  8.148  1.054  0.744  1.180
12.5893  0.0000   0.044  0.075  1.697  5.796  5.960  1.775  3.693  5.292  1.389  5.683  0.120  0.275  4.153  3.191  2.901  1.881  1.030  0.875  3.706  0.043  0.068 -3.443 -6.973 -0.365 -2.007  2.513  7.348  0.854  8.142  1.052  0.752  1.179
14.1254  0.0000   0.049  0.081  1.752  5.876  6.099  1.814  3.755  5.395  1.321  5.741  0.125  0.283  4.228  3.240  2.952  1.920  1.039  0.888  3.800  0.043  0.069 -3.700 -7.234 -0.460 -2.145  2.565  7.334  0.853  8.127  1.055  0.756  1.180
15.8489  0.0000   0.053  0.085  1.805  5.932  6.231  1.843  3.811  5.464  1.261  5.777  0.130  0.290  4.291  3.288  3.000  1.955  1.047  0.898  3.901  0.044  0.071 -3.899 -7.423 -0.542 -2.258  2.605  7.313  0.854  8.106  1.058  0.760  1.180
17.7828  0.0000   0.057  0.090  1.854  5.990  6.347  1.876  3.866  5.538  1.198  5.822  0.134  0.297  4.367  3.331  3.041  1.988  1.052  0.907  4.001  0.044  0.072 -4.128 -7.645 -0.623 -2.383  2.656  7.288  0.853  8.081  1.060  0.765  1.180
 0.0631  0.2223  -0.150 -0.072  0.423 -0.745  0.658  0.472  1.206  1.996  5.333  3.220  0.065  0.141  1.714  1.836  1.620  1.106  0.842  0.796  2.870  0.044  0.082  7.203  6.334  5.657  5.543  1.183  6.579  3.438  9.776  0.997  0.522  1.194
 0.0708  0.2223  -0.152 -0.074  0.422 -0.776  0.657  0.494  1.258  2.003  5.458  3.261  0.061  0.137  1.682  1.838  1.620  1.091  0.842  0.783  2.751  0.040  0.072  7.221  6.517  5.676  5.655  1.196  6.262  3.622  9.631  0.998  0.495  1.195
 0.0794  0.2223  -0.159 -0.082  0.258 -1.042  0.318  0.298  0.850  1.287  5.635  2.505  0.048  0.107  1.281  1.440  1.227  0.815  0.718  0.661  2.253  0.033  0.054  7.397  6.880  5.784  5.857  1.213  6.018  3.789  9.542  0.997  0.474  1.193
 0.0891  0.2223  -0.163 -0.087  0.150 -1.223  0.118  0.169  0.573  0.803  5.771  1.960  0.038  0.086  0.982  1.138  0.926  0.600  0.616  0.559  1.838  0.028  0.039  7.525  7.136  5.866  5.998  1.228  5.801  3.920  9.446  0.997  0.454  1.191
 0.1000  0.2223  -0.167 -0.092  0.083 -1.383 -0.032  0.084  0.393  0.467  5.917  1.577  0.031  0.071  0.768  0.917  0.704  0.439  0.534  0.479  1.519  0.025  0.028  7.520  7.278  5.884  6.103  1.243  5.590  4.048  9.355  0.996  0.436  1.191
 0.1122  0.2223  -0.175 -0.098  0.044 -1.591 -0.186  0.034  0.295  0.222  6.173  1.333  0.024  0.059  0.612  0.758  0.542  0.318  0.469  0.413  1.264  0.022  0.020  7.952  7.834  6.116  6.363  1.263  5.341  4.217  9.262  0.996  0.411  1.190
 0.1259  0.2223  -0.184 -0.104  0.061 -1.780 -0.251  0.062  0.367  0.238  6.470  1.454  0.023  0.060  0.650  0.785  0.571  0.323  0.467  0.408  1.264  0.023  0.021  8.360  8.345  6.326  6.599  1.284  4.880  3.896  8.503  1.143  0.380  1.251
 0.1413  0.2223  -0.191 -0.110  0.072 -1.929 -0.303  0.085  0.433  0.235  6.725  1.525  0.021  0.059  0.656  0.801  0.587  0.322  0.466  0.401  1.232  0.022  0.019  8.725  8.794  6.509  6.805  1.299  4.752  4.055  8.523  1.123  0.365  1.247
 0.1585  0.2223  -0.197 -0.114  0.088 -2.032 -0.332  0.117  0.516  0.268  6.939  1.630  0.019  0.059  0.677  0.836  0.622  0.335  0.472  0.401  1.223  0.021  0.016  9.058  9.183  6.665  6.978  1.316  4.701  4.187  8.595  1.096  0.355  1.240
 0.1778  0.2223  -0.201 -0.117  0.106 -2.086 -0.341  0.152  0.603  0.319  7.098  1.749  0.017  0.060  0.710  0.878  0.663  0.353  0.480  0.403  1.224  0.021  0.015  9.335  9.491  6.785  7.111  1.335  4.673  4.256  8.631  1.079  0.353  1.234
 0.1995  0.2223  -0.204 -0.119  0.125 -2.101 -0.346  0.188  0.693  0.372  7.228  1.864  0.015  0.061  0.740  0.916  0.702  0.367  0.485  0.401  1.220  0.020  0.013  9.585  9.761  6.881  7.221  1.357  4.638  4.332  8.667  1.061  0.348  1.227
 0.2239  0.2223  -0.205 -0.120  0.148 -2.065 -0.320  0.229  0.788  0.454  7.287  1.999  0.015  0.063  0.790  0.971  0.758  0.395  0.499  0.408  1.246  0.020  0.012  9.756  9.919  6.931  7.276  1.377  4.672  4.314  8.684  1.051  0.354  1.222
 0.2512  0.2223  -0.205 -0.120  0.175 -1.970 -0.270  0.275  0.894  0.563  7.294  2.152  0.014  0.065  0.850  1.034  0.821  0.428  0.513  0.416  1.279  0.020  0.012  9.864  9.987  6.938  7.282  1.400  4.719  4.227  8.650  1.052  0.360  1.222
 0.2818  0.2223  -0.203 -0.119  0.199 -1.852 -0.219  0.317  0.989  0.656  7.272  2.281  0.013  0.067  0.899  1.084  0.872  0.452  0.523  0.419  1.299  0.020  0.012  9.929 10.003  6.919  7.264  1.424  4.732  4.165  8.605  1.053  0.362  1.224
 0.3162  0.2223  -0.199 -0.117  0.229 -1.666 -0.128  0.369  1.101  0.797  7.174  2.444  0.013  0.070  0.974  1.158  0.946  0.493  0.543  0.431  1.349  0.020  0.013  9.903  9.883  6.847  7.175  1.448  4.835  4.049  8.601  1.052  0.375  1.223
 0.3548  0.2223  -0.194 -0.113  0.261 -1.430 -0.008  0.423  1.217  0.960  7.022  2.615  0.014  0.074  1.055  1.237  1.025  0.539  0.563  0.444  1.404  0.020  0.013  9.790  9.649  6.727  7.027  1.471  4.956  3.907  8.589  1.055  0.387  1.224
 0.3981  0.2223  -0.187 -0.108  0.295 -1.151  0.128  0.480  1.333  1.129  6.831  2.783  0.014  0.078  1.139  1.314  1.102  0.583  0.583  0.455  1.456  0.021  0.013  9.601  9.321  6.561  6.830  1.497  5.085  3.743  8.566  1.058  0.399  1.226
 0.4467  0.2223  -0.177 -0.102  0.332 -0.815  0.305  0.543  1.459  1.336  6.577  2.969  0.015  0.082  1.237  1.403  1.191  0.637  0.608  0.471  1.523  0.021  0.014  9.296  8.843  6.334  6.558  1.521  5.289  3.505  8.549  1.062  0.418  1.227
 0.5012  0.2223  -0.166 -0.094  0.374 -0.428  0.524  0.612  1.593  1.583  6.268  3.174  0.017  0.088  1.354  1.507  1.295  0.703  0.638  0.493  1.608  0.021  0.014  8.876  8.216  6.050  6.208  1.545  5.535  3.229  8.538  1.064  0.442  1.227
 0.5623  0.2223  -0.153 -0.085  0.419  0.011  0.784  0.686  1.734  1.858  5.912  3.375  0.019  0.094  1.476  1.615  1.401  0.771  0.670  0.516  1.698  0.021  0.015  8.322  7.434  5.697  5.779  1.571  5.745  2.986  8.522  1.060  0.459  1.226
 0.6310  0.2223  -0.139 -0.075  0.463  0.457  1.053  0.758  1.868  2.127  5.551  3.567  0.022  0.100  1.595  1.715  1.500  0.834  0.698  0.535  1.778  0.022  0.016  7.698  6.584  5.314  5.316  1.583  5.933  2.746  8.487  1.058  0.475  1.225
 0.7079  0.2223  -0.124 -0.064  0.512  0.944  1.357  0.834  2.008  2.421  5.154  3.766  0.025  0.107  1.725  1.822  1.605  0.903  0.729  0.557  1.868  0.022  0.017  6.943  5.592  4.867  4.781  1.588  6.115  2.501  8.440  1.058  0.491  1.225
 0.7943  0.2223  -0.106 -0.050  0.566  1.482  1.723  0.920  2.161  2.776  4.712  3.988  0.029  0.115  1.877  1.946  1.727  0.986  0.766  0.585  1.979  0.022  0.018  5.974  4.384  4.329  4.138  1.600  6.326  2.218  8.389  1.058  0.513  1.223
 0.8913  0.2223  -0.089 -0.037  0.623  1.981  2.104  1.002  2.305  3.124  4.298  4.197  0.034  0.124  2.038  2.067  1.845  1.069  0.803  0.615  2.098  0.023  0.020  5.015  3.215  3.802  3.522  1.615  6.519  1.967  8.348  1.060  0.535  1.223
 1.0000  0.2223  -0.072 -0.024  0.678  2.453  2.452  1.081  2.440  3.464  3.917  4.393  0.038  0.133  2.188  2.183  1.959  1.150  0.839  0.645  2.212  0.024  0.022  3.984  2.036  3.271  2.916  1.635  6.699  1.750  8.326  1.059  0.557  1.221
 1.1220  0.2223  -0.055 -0.010  0.735  2.898  2.857  1.158  2.571  3.797  3.558  4.576  0.044  0.144  2.329  2.295  2.068  1.230  0.873  0.674  2.328  0.024  0.023  2.957  0.865  2.756  2.314  1.668  6.848  1.556  8.295  1.058  0.577  1.217
 1.2589  0.2223  -0.039  0.004  0.803  3.292  3.273  1.237  2.705  4.144  3.241  4.767  0.051  0.156  2.498  2.418  2.192  1.324  0.915  0.714  2.472  0.025  0.026  1.873 -0.271  2.275  1.754  1.714  7.030  1.390  8.323  1.054  0.603  1.211
 1.4125  0.2223  -0.018  0.023  0.924  3.709  3.764  1.352  2.903  4.664  2.896  5.061  0.065  0.178  2.748  2.609  2.392  1.485  0.979  0.791  2.736  0.029  0.038  0.745 -1.531  1.786  1.137  1.786  7.397  1.216  8.527  1.047  0.649  1.207
 1.5849  0.2223  -0.006  0.034  1.069  3.999  4.184  1.456  3.070  5.075  2.648  5.380  0.077  0.199  3.017  2.760  2.549  1.600  1.009  0.845  2.987  0.038  0.058  0.204 -2.336  1.498  0.717  1.855  7.395  1.122  8.438  1.114  0.647  1.232
 1.7783  0.2223  -0.017  0.021  1.058  4.014  4.200  1.417  3.009  4.755  2.650  5.207  0.072  0.192  2.945  2.668  2.469  1.531  0.977  0.801  2.892  0.036  0.054  0.333 -2.250  1.511  0.746  1.847  7.563  1.087  8.574  1.052  0.668  1.204
 1.9953  0.2223  -0.010  0.026  1.112  4.231  4.394  1.461  3.078  4.903  2.531  5.301  0.076  0.199  3.071  2.721  2.526  1.570  0.991  0.813  2.961  0.037  0.056 -0.042 -2.776  1.308  0.456  1.892  7.637  1.037  8.601  1.045  0.683  1.196
 2.2387  0.2223  -0.001  0.034  1.171  4.477  4.632  1.515  3.163  5.117  2.395  5.425  0.081  0.208  3.219  2.790  2.597  1.622  1.010  0.829  3.043  0.038  0.058 -0.502 -3.387  1.073  0.119  1.950  7.697  0.996  8.623  1.045  0.697  1.193
 2.5119  0.2223   0.009  0.042  1.233  4.680  4.867  1.560  3.245  5.318  2.277  5.532  0.086  0.216  3.359  2.865  2.667  1.673  1.026  0.845  3.150  0.039  0.061 -0.901 -3.899  0.852 -0.170  2.016  7.713  0.980  8.624  1.052  0.707  1.193
 2.8184  0.2223   0.018  0.051  1.297  4.890  5.097  1.614  3.330  5.529  2.154  5.639  0.091  0.226  3.506  2.935  2.741  1.727  1.044  0.864  3.251  0.040  0.063 -1.338 -4.439  0.648 -0.469  2.086  7.732  0.964  8.629  1.055  0.720  1.192
 3.1623  0.2223   0.031  0.063  1.365  5.108  5.383  1.677  3.434  5.803  2.015  5.749  0.098  0.238  3.667  3.023  2.828  1.796  1.070  0.892  3.373  0.041  0.065 -1.853 -5.039  0.421 -0.801  2.174  7.768  0.938  8.640  1.052  0.736  1.191
 3.5481  0.2223   0.042  0.073  1.429  5.297  5.622  1.734  3.522  6.040  1.899  5.875  0.104  0.248  3.810  3.101  2.904  1.856  1.093  0.913  3.466  0.041  0.066 -2.301 -5.553  0.228 -1.086  2.255  7.750  0.923  8.609  1.059  0.743  1.192
 3.9811  0.2223   0.050  0.081  1.481  5.412  5.806  1.766  3.585  6.186  1.820  5.935  0.108  0.255  3.911  3.159  2.962  1.896  1.106  0.925  3.562  0.041  0.066 -2.585 -5.873  0.083 -1.268  2.318  7.676  0.921  8.532  1.071  0.742  1.193
 4.4668  0.2223   0.054  0.085  1.522  5.524  5.932  1.799  3.634  6.276  1.751  5.981  0.112  0.261  3.984  3.196  3.000  1.927  1.115  0.934  3.626  0.041  0.067 -2.844 -6.161 -0.022 -1.430  2.366  7.709  0.903  8.548  1.062  0.753  1.191
 5.0119  0.2223   0.049  0.081  1.516  5.473  5.888  1.778  3.614  6.160  1.768  5.898  0.111  0.260  3.952  3.178  2.983  1.910  1.107  0.925  3.641  0.041  0.066 -2.696 -6.004  0.020 -1.357  2.336  7.652  0.909  8.497  1.063  0.750  1.190
 5.6234  0.2223   0.053  0.084  1.564  5.583  6.019  1.810  3.666  6.259  1.699  5.948  0.115  0.267  4.047  3.215  3.023  1.939  1.113  0.933  3.714  0.042  0.068 -2.955 -6.296 -0.087 -1.525  2.387  7.637  0.898  8.472  1.065  0.755  1.190
 6.3096  0.2223   0.055  0.086  1.616  5.682  6.121  1.842  3.711  6.331  1.633  6.016  0.119  0.273  4.151  3.249  3.059  1.966  1.117  0.934  3.788  0.042  0.069 -3.195 -6.569 -0.179 -1.684  2.433  7.611  0.887  8.436  1.066  0.760  1.189
 7.0795  0.2223   0.060  0.091  1.664  5.754  6.259  1.867  3.762  6.416  1.571  6.043  0.123  0.279  4.220  3.295  3.103  1.998  1.126  0.943  3.882  0.042  0.069 -3.402 -6.788 -0.280 -1.814  2.484  7.553  0.875  8.367  1.072  0.760  1.191
 7.9433  0.2223   0.066  0.097  1.722  5.836  6.417  1.898  3.823  6.525  1.500  6.086  0.127  0.287  4.301  3.349  3.157  2.037  1.137  0.956  3.986  0.043  0.070 -3.637 -7.038 -0.390 -1.955  2.541  7.510  0.818  8.271  1.075  0.759  1.191
 8.9125  0.2223   0.070  0.101  1.771  5.921  6.552  1.933  3.878  6.617  1.432  6.113  0.132  0.294  4.380  3.387  3.196  2.069  1.144  0.966  4.074  0.043  0.071 -3.892 -7.294 -0.478 -2.105  2.592  7.503  0.820  8.265  1.073  0.768  1.189
10.0000  0.2223   0.075  0.107  1.826  5.973  6.686  1.960  3.934  6.699  1.372  6.140  0.137  0.301  4.448  3.435  3.244  2.103  1.152  0.977  4.182  0.044  0.072 -4.085 -7.488 -0.566 -2.222  2.641  7.499  0.839  8.280  1.069  0.778  1.187
11.2202  0.2223   0.079  0.112  1.887  6.042  6.812  1.999  3.995  6.796  1.304  6.196  0.142  0.310  4.528  3.481  3.291  2.141  1.162  0.990  4.280  0.044  0.074 -4.324 -7.738 -0.641 -2.351  2.687  7.482  0.831  8.254  1.071  0.783  1.188
12.5893  0.2223   0.089  0.123  1.957  6.085  6.989  2.034  4.069  6.931  1.232  6.242  0.149  0.319  4.613  3.549  3.355  2.189  1.176  1.009  4.417  0.045  0.075 -4.569 -7.967 -0.757 -2.490  2.743  7.448  0.824  8.214  1.073  0.786  1.187
14.1254  0.2223   0.097  0.132  2.025  6.125  7.152  2.069  4.139  7.045  1.165  6.285  0.155  0.328  4.692  3.610  3.413  2.233  1.186  1.025  4.547  0.045  0.076 -4.807 -8.186 -0.854 -2.619  2.808  7.437  0.817  8.197  1.070  0.794  1.186
15.8489  0.2223   0.103  0.139  2.092  6.146  7.287  2.100  4.203  7.140  1.107  6.324  0.160  0.336  4.769  3.664  3.464  2.270  1.190  1.036  4.681  0.046  0.078 -4.988 -8.351 -0.932 -2.712  2.862  7.390  0.817  8.150  1.074  0.796  1.187
17.7828  0.2223   0.103  0.140  2.146  6.173  7.375  2.134  4.261  7.182  1.060  6.346  0.164  0.343  4.826  3.702  3.497  2.295  1.184  1.040  4.808  0.047  0.080 -5.165 -8.508 -0.977 -2.810  2.899  7.343  0.814  8.100  1.077  0.796  1.188
