# Age    [M/H]     CN1    CN2  Ca4227    G   Fe4383 Ca4455 Fe4531  C4668   Hb   Fe5015   Mg1    Mg2    Mgb  Fe5270 Fe5335 Fe5406 Fe5709 Fe5782   NaD   TiO1   TiO2    HdA    HgA     HdF   HgF   D4000   CaT*   PaT    CaT    sTiO   MgI    D_CO
#===============================================================================================================================================================================================================================================
 0.0631 -2.3152  -0.334 -0.257 -0.509 -3.964 -2.540 -0.166 -0.859  2.022  6.885 -0.004  0.022 -0.007  0.026 -1.537  0.088 -0.118  0.031 -0.382  0.975  0.013 -0.006  9.274  9.400  7.774  7.704  1.043  0.261  5.784  5.640  0.942 -0.144  1.060
 0.0708 -2.3152  -0.346 -0.270 -0.512 -3.930 -2.528 -0.166 -0.862  2.033  6.846 -0.007  0.022 -0.007  0.031 -1.541  0.088 -0.119  0.031 -0.382  0.970  0.013 -0.006  9.220  9.326  7.745  7.671  1.061  0.270  5.941  5.796  0.944 -0.145  1.060
 0.0794 -2.3152  -0.357 -0.281 -0.500 -3.948 -2.535 -0.162 -0.826  1.952  6.879  0.024  0.021 -0.006  0.052 -1.504  0.093 -0.114  0.029 -0.378  0.956  0.013 -0.006  9.120  9.207  7.695  7.618  1.075  0.278  6.090  5.942  0.945 -0.146  1.060
 0.0891 -2.3152  -0.349 -0.274 -0.504 -3.908 -2.517 -0.161 -0.834  1.974  6.826  0.018  0.021 -0.006  0.059 -1.510  0.094 -0.114  0.030 -0.378  0.952  0.013 -0.006  9.088  9.159  7.673  7.592  1.093  0.276  6.207  6.049  0.946 -0.146  1.060
 0.1000 -2.3152  -0.331 -0.259 -0.513 -3.862 -2.504 -0.162 -0.859  2.038  6.767 -0.005  0.022 -0.006  0.061 -1.538  0.096 -0.116  0.032 -0.379  0.952  0.013 -0.006  9.118  9.222  7.676  7.611  1.108  0.264  6.353  6.173  0.947 -0.148  1.059
 0.1122 -2.3152  -0.322 -0.251 -0.508 -3.822 -2.494 -0.158 -0.844  2.013  6.721  0.010  0.021 -0.005  0.082 -1.517  0.103 -0.112  0.033 -0.375  0.941  0.013 -0.006  8.998  9.134  7.600  7.555  1.126  0.265  6.386  6.204  0.948 -0.146  1.059
 0.1259 -2.3152  -0.313 -0.243 -0.501 -3.807 -2.469 -0.152 -0.817  1.965  6.723  0.036  0.021 -0.004  0.082 -1.482  0.113 -0.104  0.035 -0.368  0.929  0.013 -0.006  8.726  8.828  7.485  7.428  1.143  0.275  6.356  6.186  0.948 -0.142  1.058
 0.1413 -2.3152  -0.307 -0.237 -0.523 -3.752 -2.471 -0.159 -0.884  2.121  6.626 -0.021  0.023 -0.006  0.047 -1.551  0.106 -0.112  0.039 -0.375  0.948  0.013 -0.006  8.725  8.831  7.497  7.435  1.162  0.306  6.407  6.264  0.950 -0.141  1.059
 0.1585 -2.3152  -0.371 -0.128 -0.328 -1.667 -1.225  0.046  0.117  1.096  4.364  1.129 -0.005 -0.001 -0.279 -0.169  0.470  0.220  0.207 -0.123  1.591  0.005 -0.008  7.794  6.308  6.134  5.635  1.256  4.061  2.108  6.021  0.982  0.155  1.087
 0.1778 -2.3152  -0.365 -0.129 -0.319 -1.726 -1.227  0.053  0.146  1.070  4.416  1.159 -0.005  0.001 -0.258 -0.143  0.487  0.233  0.210 -0.117  1.622  0.005 -0.008  7.894  6.419  6.184  5.685  1.277  4.098  2.090  6.042  0.983  0.157  1.089
 0.1995 -2.3152  -0.351 -0.119 -0.310 -1.771 -1.223  0.060  0.177  1.043  4.456  1.192 -0.005  0.002 -0.231 -0.114  0.504  0.246  0.214 -0.110  1.655  0.006 -0.008  7.989  6.556  6.219  5.738  1.297  4.137  2.066  6.058  0.985  0.159  1.091
 0.2239 -2.3152  -0.351 -0.126 -0.300 -1.805 -1.222  0.068  0.207  1.018  4.490  1.225 -0.004  0.004 -0.216 -0.085  0.522  0.260  0.217 -0.103  1.689  0.006 -0.007  8.079  6.670  6.249  5.780  1.316  4.182  2.032  6.072  0.986  0.161  1.092
 0.2512 -2.3152  -0.350 -0.134 -0.291 -1.835 -1.217  0.076  0.237  1.003  4.515  1.260 -0.004  0.006 -0.190 -0.054  0.541  0.275  0.221 -0.095  1.729  0.006 -0.007  8.133  6.737  6.289  5.819  1.335  4.238  1.997  6.095  0.988  0.164  1.094
 0.2818 -2.3152  -0.352 -0.153 -0.273 -1.784 -1.182  0.090  0.294  0.958  4.468  1.318 -0.004  0.008 -0.172  0.001  0.566  0.296  0.227 -0.084  1.781  0.006 -0.006  8.166  6.719  6.249  5.775  1.349  4.312  1.926  6.103  0.989  0.170  1.096
 0.3162 -2.3152  -0.344 -0.170 -0.284 -2.040 -1.330  0.072  0.213  1.018  4.717  1.233 -0.002  0.008 -0.132 -0.095  0.543  0.274  0.215 -0.098  1.720  0.006 -0.006  8.389  7.127  6.438  6.019  1.354  4.163  2.090  6.107  0.988  0.160  1.096
 0.3548 -2.3152  -0.332 -0.164 -0.284 -2.161 -1.406  0.063  0.181  1.028  4.851  1.192 -0.002  0.009 -0.104 -0.142  0.530  0.262  0.207 -0.106  1.675  0.007 -0.006  8.496  7.339  6.537  6.152  1.365  4.082  2.173  6.102  0.987  0.156  1.096
 0.3981 -2.3152  -0.320 -0.157 -0.283 -2.269 -1.489  0.056  0.153  1.046  4.963  1.158 -0.001  0.009 -0.066 -0.184  0.518  0.253  0.200 -0.113  1.643  0.007 -0.005  8.512  7.490  6.637  6.287  1.375  4.036  2.246  6.125  0.986  0.153  1.096
 0.4467 -2.3152  -0.302 -0.151 -0.315 -2.487 -1.732  0.021 -0.024  1.233  5.175  0.983  0.003  0.007 -0.048 -0.375  0.468  0.206  0.181 -0.143  1.549  0.008 -0.005  8.444  7.636  6.767  6.463  1.380  3.865  2.441  6.135  0.984  0.141  1.096
 0.5012 -2.3152  -0.289 -0.144 -0.344 -2.614 -1.918 -0.004 -0.161  1.403  5.291  0.847  0.006  0.005 -0.036 -0.523  0.429  0.171  0.168 -0.166  1.481  0.008 -0.006  8.555  7.811  6.832  6.550  1.395  3.802  2.507  6.134  0.982  0.138  1.095
 0.5623 -2.3152  -0.281 -0.140 -0.328 -2.659 -1.914 -0.002 -0.134  1.327  5.364  0.856  0.005  0.006 -0.021 -0.514  0.426  0.168  0.163 -0.167  1.443  0.008 -0.006  8.690  7.937  6.876  6.596  1.406  3.738  2.560  6.119  0.980  0.136  1.094
 0.6310 -2.3152  -0.270 -0.134 -0.313 -2.669 -1.897  0.002 -0.106  1.252  5.401  0.867  0.004  0.006  0.007 -0.500  0.424  0.167  0.158 -0.168  1.407  0.008 -0.006  8.790  8.029  6.889  6.614  1.417  3.682  2.599  6.099  0.979  0.134  1.093
 0.7079 -2.3152  -0.260 -0.127 -0.298 -2.678 -1.894  0.005 -0.078  1.193  5.428  0.883  0.003  0.007  0.027 -0.483  0.425  0.168  0.156 -0.167  1.386  0.009 -0.006  8.882  8.094  6.911  6.629  1.429  3.658  2.612  6.087  0.978  0.135  1.093
 0.7943 -2.3152  -0.247 -0.120 -0.290 -2.750 -1.931  0.004 -0.089  1.171  5.526  0.858  0.003  0.007  0.053 -0.513  0.416  0.158  0.148 -0.172  1.328  0.009 -0.005  8.963  8.228  6.957  6.695  1.434  3.524  2.731  6.064  0.975  0.126  1.092
 0.8913 -2.3152  -0.237 -0.116 -0.276 -2.745 -1.909  0.008 -0.062  1.103  5.545  0.869  0.002  0.008  0.102 -0.500  0.418  0.158  0.144 -0.172  1.296  0.009 -0.005  9.032  8.280  6.962  6.702  1.449  3.476  2.777  6.059  0.974  0.126  1.092
 1.0000 -2.3152  -0.224 -0.111 -0.260 -2.644 -1.815  0.019 -0.024  1.016  5.473  0.886  0.001  0.009  0.169 -0.471  0.426  0.161  0.142 -0.169  1.247  0.009 -0.005  8.912  8.093  6.860  6.583  1.460  3.405  2.787  5.997  0.970  0.122  1.090
 1.1220 -2.3152  -0.208 -0.100 -0.217 -2.141 -1.523  0.047  0.111  0.802  5.019  0.989 -0.001  0.011  0.210 -0.327  0.452  0.179  0.150 -0.155  1.227  0.009 -0.005  8.419  7.268  6.393  6.043  1.474  3.433  2.405  5.669  0.967  0.131  1.088
 1.2589 -2.3152  -0.204 -0.080 -0.152 -1.254 -1.068  0.094  0.347  0.535  4.219  1.191 -0.005  0.013  0.152 -0.073  0.499  0.220  0.171 -0.129  1.282  0.009 -0.004  7.594  5.920  5.571  5.123  1.502  3.632  1.724  5.235  0.969  0.149  1.086
 1.4125 -2.3152  -0.179 -0.080 -0.157 -1.553 -1.275  0.063  0.197  0.600  4.515  1.023 -0.002  0.011  0.173 -0.235  0.451  0.172  0.146 -0.160  1.146  0.010 -0.003  7.698  6.518  5.689  5.406  1.475  3.153  1.914  4.934  0.962  0.125  1.082
 1.5849 -2.3152  -0.175 -0.079 -0.136 -1.367 -1.170  0.071  0.234  0.514  4.394  1.035 -0.002  0.011  0.147 -0.205  0.451  0.169  0.143 -0.160  1.103  0.010 -0.003  7.567  6.367  5.492  5.240  1.480  3.034  1.816  4.723  0.960  0.123  1.081
 1.7783 -2.3152  -0.168 -0.073 -0.113 -1.176 -1.064  0.084  0.274  0.456  4.269  1.057 -0.003  0.010  0.111 -0.163  0.463  0.176  0.145 -0.155  1.071  0.010 -0.003  7.372  5.962  5.321  5.015  1.489  2.959  1.698  4.538  0.958  0.124  1.079
 1.9953 -2.3152  -0.163 -0.072 -0.099 -1.164 -1.066  0.085  0.275  0.433  4.285  1.046 -0.003  0.011  0.159 -0.170  0.462  0.172  0.142 -0.158  1.042  0.011 -0.003  7.357  5.906  5.310  4.986  1.494  2.867  1.699  4.446  0.956  0.122  1.078
 2.2387 -2.3152  -0.160 -0.070 -0.082 -1.101 -1.038  0.089  0.292  0.393  4.250  1.049 -0.003  0.012  0.199 -0.158  0.463  0.172  0.140 -0.158  1.021  0.011 -0.003  7.324  5.797  5.268  4.914  1.501  2.828  1.677  4.388  0.955  0.122  1.078
 2.5119 -2.3152  -0.155 -0.070 -0.072 -1.153 -1.061  0.087  0.277  0.386  4.313  1.023 -0.003  0.012  0.233 -0.182  0.459  0.165  0.134 -0.162  0.985  0.011 -0.003  7.362  5.881  5.314  4.963  1.502  2.710  1.747  4.335  0.953  0.119  1.076
 2.8184 -2.3152  -0.153 -0.070 -0.053 -1.030 -0.978  0.094  0.304  0.335  4.216  1.034 -0.004  0.013  0.263 -0.159  0.464  0.167  0.133 -0.160  0.964  0.011 -0.003  7.217  5.720  5.195  4.822  1.506  2.681  1.703  4.265  0.952  0.119  1.075
 3.1623 -2.3152  -0.150 -0.070 -0.036 -0.935 -0.908  0.096  0.319  0.282  4.143  1.033 -0.004  0.012  0.270 -0.152  0.461  0.163  0.129 -0.164  0.943  0.011 -0.003  7.145  5.530  5.125  4.714  1.515  2.634  1.689  4.204  0.950  0.119  1.074
 3.5481 -2.3152  -0.148 -0.069 -0.015 -0.778 -0.816  0.105  0.351  0.226  4.021  1.046 -0.004  0.013  0.310 -0.126  0.468  0.166  0.128 -0.162  0.920  0.011 -0.003  6.965  5.233  4.987  4.536  1.524  2.596  1.630  4.112  0.949  0.120  1.073
 3.9811 -2.3152  -0.145 -0.069  0.009 -0.577 -0.716  0.112  0.384  0.152  3.858  1.058 -0.005  0.015  0.345 -0.099  0.468  0.164  0.126 -0.163  0.906  0.011 -0.003  6.740  4.845  4.804  4.302  1.531  2.583  1.538  4.013  0.947  0.122  1.071
 4.4668 -2.3152  -0.143 -0.067  0.032 -0.414 -0.592  0.123  0.416  0.107  3.723  1.074 -0.005  0.016  0.378 -0.070  0.481  0.171  0.126 -0.159  0.891  0.011 -0.003  6.500  4.620  4.629  4.112  1.533  2.570  1.466  3.934  0.946  0.123  1.070
 5.0119 -2.3152  -0.140 -0.067  0.054 -0.245 -0.455  0.130  0.440  0.054  3.576  1.079 -0.005  0.015  0.377 -0.049  0.486  0.171  0.125 -0.159  0.874  0.011 -0.003  6.254  4.242  4.460  3.898  1.535  2.543  1.394  3.839  0.944  0.123  1.069
 5.6234 -2.3152  -0.138 -0.066  0.076 -0.064 -0.348  0.139  0.469  0.002  3.423  1.091 -0.006  0.017  0.418 -0.022  0.493  0.174  0.124 -0.158  0.861  0.011 -0.002  5.966  3.966  4.254  3.677  1.536  2.526  1.312  3.746  0.943  0.124  1.068
 6.3096 -2.3152  -0.136 -0.065  0.100  0.128 -0.189  0.152  0.501 -0.041  3.259  1.106 -0.006  0.018  0.443  0.012  0.509  0.182  0.125 -0.153  0.850  0.011 -0.002  5.648  3.541  4.046  3.431  1.531  2.535  1.218  3.667  0.942  0.126  1.067
 7.0795 -2.3152  -0.134 -0.065  0.121  0.284 -0.066  0.159  0.523 -0.083  3.122  1.112 -0.006  0.019  0.462  0.034  0.516  0.185  0.125 -0.152  0.841  0.012 -0.002  5.371  3.270  3.860  3.228  1.527  2.547  1.143  3.610  0.941  0.127  1.065
 7.9433 -2.3152  -0.133 -0.065  0.143  0.454  0.085  0.168  0.548 -0.124  2.970  1.121 -0.006  0.019  0.452  0.061  0.525  0.189  0.125 -0.150  0.837  0.012 -0.002  5.080  2.861  3.669  2.996  1.520  2.564  1.051  3.541  0.940  0.129  1.064
 8.9125 -2.3152  -0.131 -0.066  0.165  0.580  0.156  0.170  0.558 -0.167  2.856  1.116 -0.006  0.021  0.487  0.070  0.526  0.188  0.122 -0.154  0.839  0.012 -0.002  4.845  2.687  3.500  2.828  1.515  2.575  0.975  3.482  0.939  0.131  1.063
10.0000 -2.3152  -0.129 -0.067  0.187  0.643  0.244  0.170  0.557 -0.196  2.776  1.100 -0.005  0.021  0.485  0.071  0.528  0.186  0.118 -0.157  0.839  0.012 -0.002  4.646  2.563  3.390  2.710  1.508  2.609  0.935  3.478  0.938  0.133  1.061
11.2202 -2.3152  -0.133 -0.070  0.194  0.701  0.276  0.174  0.572 -0.211  2.735  1.108 -0.005  0.024  0.602  0.087  0.533  0.190  0.119 -0.156  0.850  0.012 -0.002  4.519  2.295  3.341  2.591  1.511  2.699  0.921  3.555  0.939  0.136  1.061
12.5893 -2.3152  -0.136 -0.074  0.200  0.638  0.298  0.170  0.557 -0.206  2.777  1.089 -0.004  0.023  0.570  0.079  0.534  0.189  0.116 -0.159  0.860  0.012 -0.002  4.602  2.398  3.406  2.646  1.509  2.741  0.936  3.611  0.939  0.139  1.060
14.1254 -2.3152  -0.133 -0.076  0.225  0.618  0.332  0.166  0.533 -0.209  2.773  1.054 -0.001  0.024  0.590  0.069  0.539  0.188  0.112 -0.164  0.875  0.012 -0.002  4.538  2.677  3.354  2.646  1.495  2.751  0.886  3.575  0.938  0.142  1.058
15.8489 -2.3152  -0.134 -0.077  0.235  0.601  0.369  0.171  0.522 -0.182  2.778  1.041  0.000  0.025  0.623  0.076  0.556  0.197  0.114 -0.161  0.890  0.012 -0.002  4.459  2.564  3.352  2.608  1.483  2.798  0.848  3.587  0.938  0.146  1.057
17.7828 -2.3152  -0.138 -0.081  0.231  0.540  0.442  0.162  0.493 -0.150  2.801  1.017  0.002  0.018  0.449  0.063  0.552  0.194  0.113 -0.166  0.916  0.012 -0.002  4.556  2.560  3.441  2.644  1.476  2.861  0.831  3.634  0.939  0.149  1.056
 0.0631 -1.7129  -0.373 -0.253 -0.465 -2.940 -1.473 -0.277 -0.532  0.204  6.368 -0.091  0.017  0.001  0.135 -0.974 -0.190 -0.197  0.048 -0.216  0.748  0.014 -0.005  8.560  8.472  7.037  7.051  1.076  1.684  4.888  6.230  0.946 -0.020  1.097
 0.0708 -1.7129  -0.360 -0.242 -0.452 -3.016 -1.533 -0.271 -0.501  0.160  6.467 -0.058  0.017  0.002  0.150 -0.947 -0.179 -0.191  0.051 -0.212  0.747  0.014 -0.005  8.715  8.650  7.111  7.126  1.085  1.702  4.959  6.313  0.946 -0.022  1.100
 0.0794 -1.7129  -0.356 -0.239 -0.439 -3.093 -1.571 -0.264 -0.465  0.103  6.578 -0.021  0.016  0.002  0.160 -0.920 -0.170 -0.187  0.052 -0.209  0.742  0.014 -0.005  8.900  8.862  7.187  7.214  1.098  1.719  5.037  6.403  0.947 -0.023  1.101
 0.0891 -1.7129  -0.358 -0.242 -0.426 -3.131 -1.607 -0.255 -0.427  0.053  6.642  0.024  0.015  0.003  0.172 -0.883 -0.156 -0.180  0.057 -0.203  0.743  0.013 -0.005  9.030  9.003  7.230  7.266  1.109  1.783  5.067  6.495  0.948 -0.020  1.106
 0.1000 -1.7129  -0.324 -0.224 -0.410 -3.170 -1.497 -0.227 -0.371  0.126  6.696  0.071  0.015  0.006  0.328 -0.799 -0.073 -0.129  0.069 -0.164  0.789  0.013 -0.005  8.955  9.069  7.211  7.278  1.123  1.833  5.081  6.558  0.948 -0.017  1.110
 0.1122 -1.7129  -0.312 -0.169 -0.184 -1.407 -0.499  0.097  0.583  0.112  4.847  1.583  0.005  0.028  0.288  0.438  0.530  0.320  0.361  0.138  1.566  0.011  0.006  7.721  6.547  6.101  5.732  1.209  5.626  2.136  7.612  0.991  0.326  1.212
 0.1259 -1.7129  -0.318 -0.180 -0.153 -1.302 -0.438  0.129  0.680  0.106  4.766  1.706  0.006  0.033  0.325  0.523  0.582  0.356  0.375  0.156  1.642  0.012  0.008  7.717  6.472  6.038  5.664  1.231  5.747  2.076  7.677  0.993  0.340  1.215
 0.1413 -1.7129  -0.318 -0.186 -0.138 -1.311 -0.444  0.139  0.711  0.109  4.781  1.741  0.007  0.036  0.368  0.545  0.605  0.371  0.374  0.162  1.691  0.013  0.010  7.769  6.532  6.047  5.687  1.246  5.776  2.097  7.725  0.994  0.347  1.218
 0.1585 -1.7129  -0.300 -0.171 -0.116 -1.239 -0.413  0.159  0.768  0.118  4.720  1.815  0.008  0.040  0.409  0.595  0.642  0.397  0.380  0.172  1.760  0.014  0.013  7.751  6.490  5.992  5.646  1.278  5.852  2.074  7.780  0.996  0.359  1.221
 0.1778 -1.7129  -0.282 -0.158 -0.107 -1.257 -0.449  0.161  0.775  0.130  4.737  1.826  0.009  0.043  0.452  0.596  0.655  0.405  0.375  0.173  1.808  0.016  0.015  7.783  6.536  6.002  5.673  1.302  5.890  2.086  7.830  0.998  0.368  1.223
 0.1995 -1.7129  -0.268 -0.147 -0.087 -1.214 -0.424  0.177  0.825  0.138  4.704  1.891  0.010  0.048  0.498  0.634  0.686  0.427  0.375  0.180  1.881  0.017  0.018  7.807  6.547  5.973  5.661  1.326  5.954  2.080  7.889  0.999  0.382  1.226
 0.2239 -1.7129  -0.253 -0.137 -0.084 -1.256 -0.475  0.170  0.808  0.142  4.745  1.863  0.011  0.050  0.534  0.607  0.685  0.424  0.362  0.174  1.900  0.019  0.020  7.828  6.645  6.009  5.733  1.361  5.896  2.155  7.900  0.999  0.383  1.227
 0.2512 -1.7129  -0.241 -0.131 -0.091 -1.366 -0.570  0.151  0.755  0.135  4.851  1.783  0.011  0.050  0.557  0.543  0.659  0.403  0.344  0.160  1.864  0.019  0.021  7.966  6.815  6.071  5.815  1.373  5.767  2.268  7.877  0.998  0.376  1.227
 0.2818 -1.7129  -0.230 -0.125 -0.108 -1.523 -0.724  0.116  0.656  0.144  4.981  1.650  0.012  0.049  0.566  0.439  0.614  0.370  0.320  0.138  1.813  0.020  0.022  8.038  7.016  6.186  5.964  1.383  5.613  2.415  7.859  0.997  0.367  1.228
 0.3162 -1.7129  -0.217 -0.117 -0.153 -1.694 -0.965  0.050  0.452  0.184  5.100  1.386  0.014  0.044  0.529  0.242  0.516  0.300  0.284  0.097  1.696  0.020  0.020  7.977  7.118  6.266  6.085  1.391  5.377  2.570  7.766  0.994  0.349  1.226
 0.3548 -1.7129  -0.207 -0.109 -0.172 -1.755 -1.092  0.020  0.351  0.220  5.130  1.255  0.014  0.041  0.495  0.145  0.469  0.267  0.268  0.079  1.631  0.019  0.018  7.810  7.068  6.307  6.140  1.405  5.300  2.579  7.698  0.992  0.346  1.225
 0.3981 -1.7129  -0.197 -0.101 -0.195 -1.864 -1.256 -0.017  0.234  0.259  5.199  1.104  0.015  0.037  0.453  0.030  0.411  0.227  0.250  0.056  1.564  0.019  0.017  7.910  7.157  6.328  6.159  1.422  5.241  2.567  7.628  0.991  0.349  1.224
 0.4467 -1.7129  -0.188 -0.095 -0.179 -1.922 -1.270 -0.010  0.265  0.223  5.274  1.130  0.015  0.037  0.469  0.047  0.417  0.230  0.249  0.057  1.549  0.019  0.017  8.048  7.293  6.388  6.215  1.432  5.208  2.569  7.597  0.991  0.352  1.224
 0.5012 -1.7129  -0.180 -0.089 -0.167 -1.966 -1.294 -0.010  0.278  0.160  5.355  1.115  0.013  0.037  0.477  0.033  0.402  0.215  0.240  0.049  1.491  0.019  0.016  8.165  7.421  6.428  6.265  1.439  5.040  2.650  7.505  0.988  0.336  1.222
 0.5623 -1.7129  -0.172 -0.083 -0.147 -1.929 -1.261  0.003  0.326  0.114  5.345  1.156  0.012  0.038  0.500  0.062  0.412  0.219  0.239  0.051  1.469  0.019  0.015  8.186  7.420  6.397  6.239  1.446  4.986  2.629  7.431  0.986  0.328  1.222
 0.6310 -1.7129  -0.160 -0.072 -0.121 -1.798 -1.191  0.024  0.389  0.083  5.245  1.219  0.012  0.039  0.529  0.114  0.436  0.231  0.244  0.059  1.454  0.019  0.016  8.037  7.192  6.266  6.091  1.452  4.976  2.508  7.309  0.985  0.324  1.219
 0.7079 -1.7129  -0.152 -0.067 -0.102 -1.667 -1.101  0.036  0.424  0.028  5.153  1.225  0.010  0.039  0.552  0.129  0.437  0.224  0.240  0.055  1.396  0.018  0.014  7.787  6.892  6.089  5.907  1.452  4.810  2.465  7.102  0.981  0.306  1.208
 0.7943 -1.7129  -0.144 -0.061 -0.074 -1.447 -0.990  0.062  0.496 -0.014  4.971  1.290  0.009  0.040  0.550  0.188  0.463  0.235  0.245  0.062  1.373  0.018  0.014  7.544  6.781  5.793  5.741  1.462  4.740  2.304  6.882  0.979  0.302  1.204
 0.8913 -1.7129  -0.136 -0.055 -0.048 -1.220 -0.987  0.088  0.559 -0.039  4.828  1.341  0.008  0.040  0.392  0.246  0.491  0.247  0.252  0.070  1.344  0.017  0.013  7.367  6.615  5.532  5.555  1.472  4.627  2.124  6.602  0.977  0.299  1.200
 1.0000 -1.7129  -0.128 -0.050 -0.027 -1.041 -0.856  0.108  0.602 -0.066  4.756  1.359  0.008  0.040  0.460  0.282  0.509  0.251  0.253  0.073  1.298  0.017  0.012  7.151  6.292  5.348  5.345  1.485  4.465  2.017  6.342  0.973  0.289  1.193
 1.1220 -1.7129  -0.123 -0.044  0.006 -0.687 -0.648  0.150  0.711 -0.085  4.518  1.479  0.008  0.041  0.534  0.388  0.558  0.279  0.272  0.089  1.294  0.017  0.013  6.806  5.720  5.054  4.981  1.514  4.562  1.806  6.241  0.972  0.299  1.189
 1.2589 -1.7129  -0.128 -0.039  0.048 -0.206 -0.409  0.208  0.876 -0.089  4.167  1.689  0.007  0.043  0.573  0.539  0.615  0.320  0.303  0.111  1.303  0.018  0.014  6.426  4.946  4.720  4.517  1.553  4.824  1.556  6.271  0.974  0.322  1.190
 1.4125 -1.7129  -0.130 -0.040  0.042 -0.516 -0.682  0.164  0.775 -0.134  4.456  1.557  0.007  0.039  0.603  0.431  0.540  0.267  0.279  0.079  1.206  0.017  0.012  6.862  5.430  5.070  4.812  1.550  4.642  1.706  6.229  0.970  0.302  1.179
 1.5849 -1.7129  -0.130 -0.039  0.064 -0.364 -0.604  0.180  0.822 -0.162  4.365  1.592  0.006  0.039  0.633  0.460  0.549  0.270  0.280  0.080  1.177  0.017  0.012  6.745  5.226  4.957  4.671  1.560  4.616  1.672  6.171  0.969  0.299  1.175
 1.7783 -1.7129  -0.129 -0.038  0.090 -0.124 -0.466  0.204  0.885 -0.191  4.198  1.645  0.005  0.039  0.654  0.506  0.566  0.277  0.284  0.083  1.157  0.017  0.012  6.511  4.851  4.761  4.433  1.572  4.603  1.607  6.098  0.967  0.299  1.172
 1.9953 -1.7129  -0.130 -0.037  0.111  0.050 -0.382  0.219  0.930 -0.215  4.086  1.677  0.004  0.040  0.681  0.533  0.572  0.278  0.286  0.084  1.121  0.017  0.011  6.351  4.582  4.628  4.260  1.590  4.564  1.574  6.028  0.965  0.295  1.165
 2.2387 -1.7129  -0.129 -0.037  0.129  0.168 -0.316  0.230  0.957 -0.235  4.004  1.692  0.004  0.041  0.711  0.551  0.581  0.280  0.287  0.084  1.111  0.017  0.011  6.216  4.381  4.526  4.137  1.599  4.538  1.542  5.972  0.964  0.294  1.164
 2.5119 -1.7129  -0.129 -0.037  0.141  0.218 -0.292  0.231  0.962 -0.259  3.971  1.681  0.004  0.040  0.716  0.546  0.574  0.272  0.283  0.080  1.084  0.017  0.010  6.160  4.301  4.485  4.080  1.604  4.468  1.538  5.898  0.962  0.288  1.159
 2.8184 -1.7129  -0.128 -0.038  0.149  0.228 -0.283  0.230  0.960 -0.275  3.966  1.666  0.004  0.040  0.741  0.540  0.571  0.268  0.280  0.077  1.072  0.016  0.009  6.133  4.268  4.474  4.061  1.602  4.422  1.546  5.860  0.961  0.284  1.158
 3.1623 -1.7129  -0.128 -0.037  0.171  0.408 -0.204  0.241  0.991 -0.311  3.837  1.682  0.003  0.040  0.758  0.556  0.572  0.264  0.279  0.074  1.044  0.016  0.009  5.930  3.959  4.317  3.868  1.611  4.368  1.491  5.755  0.959  0.279  1.152
 3.5481 -1.7129  -0.127 -0.035  0.187  0.591 -0.073  0.263  1.037 -0.312  3.692  1.719  0.003  0.041  0.786  0.590  0.590  0.274  0.283  0.082  1.023  0.016  0.008  5.654  3.601  4.125  3.654  1.618  4.341  1.423  5.664  0.957  0.278  1.150
 3.9811 -1.7129  -0.127 -0.034  0.209  0.778  0.026  0.277  1.070 -0.332  3.550  1.738  0.002  0.042  0.824  0.614  0.599  0.276  0.285  0.083  1.001  0.016  0.007  5.386  3.244  3.940  3.433  1.624  4.294  1.358  5.557  0.955  0.273  1.144
 4.4668 -1.7129  -0.126 -0.034  0.230  0.945  0.119  0.288  1.098 -0.357  3.417  1.753  0.002  0.043  0.847  0.633  0.606  0.277  0.285  0.083  0.989  0.015  0.007  5.141  2.918  3.771  3.233  1.630  4.260  1.296  5.466  0.954  0.271  1.141
 5.0119 -1.7129  -0.126 -0.033  0.250  1.127  0.228  0.301  1.128 -0.374  3.272  1.768  0.002  0.043  0.861  0.655  0.615  0.279  0.287  0.083  0.971  0.015  0.006  4.855  2.539  3.584  3.003  1.622  4.224  1.221  5.359  0.952  0.267  1.136
 5.6234 -1.7129  -0.124 -0.031  0.274  1.342  0.387  0.323  1.171 -0.373  3.100  1.799  0.002  0.045  0.894  0.696  0.639  0.291  0.292  0.090  0.966  0.015  0.006  4.490  2.115  3.346  2.734  1.622  4.224  1.124  5.269  0.951  0.268  1.132
 6.3096 -1.7129  -0.124 -0.031  0.295  1.520  0.496  0.336  1.201 -0.390  2.953  1.816  0.002  0.045  0.916  0.719  0.649  0.294  0.295  0.090  0.958  0.015  0.005  4.210  1.703  3.168  2.498  1.619  4.213  1.040  5.180  0.950  0.267  1.128
 7.0795 -1.7129  -0.124 -0.030  0.316  1.695  0.613  0.350  1.230 -0.401  2.814  1.832  0.002  0.046  0.937  0.743  0.660  0.298  0.297  0.092  0.947  0.014  0.005  3.919  1.325  2.980  2.263  1.619  4.203  0.958  5.095  0.949  0.265  1.123
 7.9433 -1.7129  -0.124 -0.029  0.336  1.869  0.717  0.364  1.259 -0.410  2.685  1.850  0.002  0.047  0.962  0.769  0.672  0.303  0.301  0.094  0.941  0.014  0.004  3.625  1.017  2.773  2.041  1.618  4.203  0.880  5.022  0.948  0.265  1.119
 8.9125 -1.7129  -0.123 -0.028  0.356  2.008  0.841  0.378  1.285 -0.410  2.577  1.862  0.003  0.048  0.988  0.795  0.689  0.311  0.304  0.098  0.941  0.014  0.003  3.350  0.705  2.604  1.845  1.616  4.199  0.814  4.956  0.947  0.265  1.114
10.0000 -1.7129  -0.124 -0.029  0.377  2.104  0.914  0.383  1.293 -0.433  2.491  1.854  0.003  0.047  0.963  0.801  0.692  0.310  0.302  0.095  0.937  0.013  0.003  3.178  0.556  2.472  1.709  1.611  4.171  0.763  4.880  0.946  0.263  1.107
11.2202 -1.7129  -0.124 -0.029  0.394  2.215  0.996  0.391  1.309 -0.445  2.406  1.858  0.004  0.048  0.977  0.816  0.701  0.313  0.303  0.095  0.939  0.013  0.002  3.032  0.532  2.316  1.586  1.608  4.150  0.715  4.816  0.945  0.264  1.102
12.5893 -1.7129  -0.124 -0.029  0.411  2.297  1.060  0.398  1.320 -0.456  2.343  1.855  0.004  0.050  0.994  0.829  0.711  0.316  0.303  0.095  0.945  0.013  0.002  2.899  0.327  2.229  1.469  1.605  4.143  0.681  4.776  0.944  0.264  1.098
14.1254 -1.7129  -0.129 -0.033  0.421  2.220  1.091  0.389  1.301 -0.481  2.350  1.823  0.005  0.046  0.895  0.811  0.704  0.310  0.298  0.089  0.953  0.013  0.001  2.969  0.457  2.293  1.545  1.596  4.153  0.723  4.826  0.943  0.264  1.092
15.8489 -1.7129  -0.135 -0.038  0.427  2.084  1.033  0.379  1.279 -0.487  2.469  1.798  0.006  0.048  0.968  0.799  0.700  0.309  0.296  0.085  0.966  0.013  0.001  3.171  0.527  2.502  1.640  1.598  4.200  0.775  4.921  0.943  0.267  1.088
17.7828 -1.7129  -0.145 -0.045  0.423  1.818  0.900  0.354  1.215 -0.471  2.652  1.740  0.008  0.050  1.028  0.763  0.686  0.302  0.293  0.078  0.986  0.013  0.000  3.458  0.861  2.775  1.869  1.583  4.251  0.818  5.012  0.944  0.271  1.085
 0.0631 -1.3146  -0.341 -0.239 -0.311 -2.315 -0.750 -0.122  0.212 -0.744  6.489  0.707  0.004  0.016  0.459 -0.142 -0.005 -0.058  0.157 -0.020  0.677  0.014 -0.002  9.100  8.759  6.848  6.901  1.151  3.263  4.677  7.613  0.952  0.080  1.094
 0.0708 -1.3146  -0.327 -0.227 -0.303 -2.339 -0.820 -0.127  0.205 -0.772  6.529  0.681  0.003  0.017  0.452 -0.169 -0.020 -0.071  0.147 -0.030  0.669  0.014 -0.002  9.183  8.875  6.867  6.958  1.160  3.116  4.867  7.642  0.951  0.065  1.096
 0.0794 -1.3146  -0.305 -0.209 -0.287 -2.218 -0.825 -0.112  0.244 -0.785  6.435  0.727  0.003  0.018  0.476 -0.136 -0.002 -0.064  0.152 -0.027  0.667  0.014 -0.002  9.099  8.723  6.776  6.858  1.174  3.088  4.905  7.650  0.950  0.062  1.096
 0.0891 -1.3146  -0.288 -0.194 -0.273 -2.115 -0.827 -0.099  0.278 -0.795  6.347  0.769  0.004  0.019  0.495 -0.104  0.018 -0.054  0.159 -0.022  0.675  0.014 -0.002  9.005  8.570  6.697  6.767  1.190  3.108  4.910  7.674  0.951  0.063  1.100
 0.1000 -1.3146  -0.271 -0.181 -0.258 -2.059 -0.854 -0.092  0.300 -0.808  6.296  0.794  0.004  0.021  0.506 -0.087  0.030 -0.049  0.163 -0.020  0.689  0.014 -0.002  9.004  8.523  6.665  6.728  1.200  3.098  4.959  7.710  0.951  0.063  1.105
 0.1122 -1.3146  -0.212 -0.153 -0.023 -0.758 -0.021  0.214  1.034 -0.207  4.837  2.154  0.019  0.069  0.892  0.858  0.708  0.467  0.417  0.268  1.854  0.028  0.038  7.710  6.293  5.760  5.505  1.275  6.505  2.492  8.823  0.997  0.468  1.225
 0.1259 -1.3146  -0.200 -0.140 -0.010 -0.618 -0.026  0.224  1.058 -0.202  4.729  2.183  0.020  0.072  0.932  0.869  0.721  0.472  0.410  0.265  1.889  0.030  0.042  7.565  6.081  5.626  5.380  1.287  6.502  2.486  8.813  0.998  0.467  1.227
 0.1413 -1.3146  -0.169 -0.117  0.019 -0.479  0.175  0.261  1.123 -0.024  4.582  2.238  0.022  0.079  1.121  0.945  0.814  0.528  0.411  0.290  2.026  0.032  0.047  7.216  5.803  5.456  5.222  1.304  6.581  2.403  8.815  0.999  0.478  1.230
 0.1585 -1.3146  -0.151 -0.102  0.056 -0.307  0.265  0.297  1.200  0.099  4.411  2.356  0.025  0.087  1.221  1.020  0.889  0.582  0.413  0.309  2.166  0.037  0.056  6.967  5.466  5.267  5.024  1.317  6.735  2.276  8.851  1.002  0.501  1.235
 0.1778 -1.3146  -0.137 -0.087  0.074 -0.193  0.257  0.306  1.216  0.155  4.311  2.381  0.026  0.090  1.270  1.028  0.910  0.595  0.402  0.308  2.206  0.040  0.062  6.765  5.209  5.136  4.887  1.327  6.714  2.232  8.789  1.001  0.505  1.237
 0.1995 -1.3146  -0.130 -0.078  0.065 -0.213  0.147  0.280  1.145  0.149  4.316  2.278  0.026  0.088  1.258  0.958  0.874  0.568  0.378  0.288  2.149  0.041  0.063  6.674  5.140  5.105  4.864  1.333  6.569  2.268  8.678  0.998  0.493  1.237
 0.2239 -1.3146  -0.117 -0.066  0.091 -0.277  0.092  0.267  1.106  0.168  4.370  2.197  0.025  0.088  1.282  0.915  0.902  0.595  0.357  0.278  2.115  0.042  0.065  6.657  5.284  5.163  4.965  1.335  6.399  2.330  8.566  0.996  0.478  1.237
 0.2512 -1.3146  -0.113 -0.063  0.026 -0.691 -0.225  0.163  0.839  0.104  4.634  1.836  0.025  0.077  1.146  0.696  0.774  0.511  0.319  0.236  1.975  0.040  0.059  6.883  5.826  5.500  5.354  1.339  6.183  2.462  8.472  0.993  0.457  1.236
 0.2818 -1.3146  -0.115 -0.064 -0.028 -1.064 -0.570  0.069  0.599  0.035  4.883  1.521  0.024  0.068  0.989  0.483  0.642  0.431  0.284  0.193  1.846  0.038  0.054  7.079  6.235  5.799  5.677  1.351  6.015  2.538  8.375  0.992  0.446  1.235
 0.3162 -1.3146  -0.126 -0.073 -0.105 -1.627 -0.988 -0.050  0.297 -0.055  5.312  1.099  0.024  0.055  0.799  0.186  0.442  0.303  0.232  0.133  1.694  0.035  0.047  7.612  6.901  6.146  6.039  1.369  5.842  2.758  8.408  0.992  0.432  1.241
 0.3548 -1.3146  -0.118 -0.068 -0.093 -1.715 -1.017 -0.049  0.318 -0.135  5.442  1.084  0.022  0.054  0.785  0.169  0.422  0.283  0.224  0.123  1.620  0.033  0.043  7.796  7.129  6.218  6.139  1.382  5.643  2.871  8.313  0.989  0.412  1.235
 0.3981 -1.3146  -0.108 -0.061 -0.070 -1.710 -0.990 -0.032  0.378 -0.175  5.473  1.144  0.021  0.055  0.805  0.204  0.440  0.289  0.225  0.126  1.600  0.033  0.043  7.859  7.194  6.208  6.147  1.390  5.597  2.852  8.250  0.988  0.408  1.232
 0.4467 -1.3146  -0.100 -0.056 -0.047 -1.710 -0.982 -0.016  0.429 -0.206  5.496  1.200  0.020  0.056  0.824  0.234  0.457  0.297  0.228  0.130  1.588  0.033  0.042  7.879  7.173  6.208  6.127  1.397  5.584  2.821  8.208  0.987  0.408  1.229
 0.5012 -1.3146  -0.090 -0.046 -0.022 -1.542 -0.872  0.010  0.493 -0.212  5.363  1.260  0.019  0.057  0.867  0.287  0.485  0.307  0.236  0.136  1.552  0.032  0.040  7.675  7.083  5.956  5.998  1.407  5.461  2.651  7.927  0.984  0.400  1.224
 0.5623 -1.3146  -0.084 -0.040  0.010 -1.322 -0.980  0.047  0.583 -0.204  5.225  1.360  0.019  0.062  0.739  0.366  0.533  0.331  0.250  0.149  1.540  0.031  0.040  7.534  6.887  5.721  5.815  1.428  5.451  2.439  7.719  0.981  0.401  1.221
 0.6310 -1.3146  -0.080 -0.035  0.043 -1.140 -0.840  0.080  0.660 -0.179  5.144  1.453  0.019  0.062  0.809  0.442  0.582  0.358  0.266  0.162  1.537  0.031  0.039  7.364  6.530  5.581  5.598  1.453  5.456  2.241  7.540  0.980  0.406  1.218
 0.7079 -1.3146  -0.077 -0.033  0.062 -1.068 -0.780  0.097  0.700 -0.194  5.147  1.480  0.018  0.060  0.834  0.471  0.590  0.355  0.271  0.163  1.498  0.030  0.037  7.325  6.447  5.531  5.527  1.470  5.369  2.198  7.413  0.978  0.399  1.213
 0.7943 -1.3146  -0.072 -0.030  0.088 -0.962 -0.705  0.120  0.758 -0.196  5.109  1.538  0.018  0.061  0.868  0.515  0.616  0.367  0.278  0.170  1.483  0.030  0.037  7.260  6.329  5.455  5.435  1.490  5.367  2.143  7.360  0.977  0.399  1.210
 0.8913 -1.3146  -0.069 -0.029  0.115 -0.840 -0.627  0.143  0.815 -0.195  5.046  1.598  0.018  0.062  0.899  0.561  0.643  0.381  0.286  0.176  1.471  0.030  0.036  7.168  6.171  5.371  5.323  1.504  5.379  2.083  7.317  0.976  0.399  1.208
 1.0000 -1.3146  -0.067 -0.028  0.136 -0.702 -0.552  0.164  0.867 -0.210  4.971  1.648  0.017  0.061  0.912  0.598  0.654  0.383  0.295  0.179  1.442  0.029  0.034  7.065  6.008  5.268  5.201  1.520  5.352  2.041  7.250  0.974  0.395  1.204
 1.1220 -1.3146  -0.064 -0.026  0.157 -0.567 -0.463  0.187  0.924 -0.207  4.892  1.703  0.017  0.062  0.944  0.641  0.674  0.391  0.302  0.185  1.427  0.028  0.033  6.959  5.836  5.174  5.086  1.540  5.343  2.002  7.205  0.973  0.394  1.202
 1.2589 -1.3146  -0.066 -0.027  0.201 -0.081 -0.236  0.252  1.077 -0.144  4.544  1.923  0.017  0.064  0.994  0.767  0.738  0.435  0.334  0.204  1.392  0.029  0.034  6.507  5.037  4.829  4.617  1.574  5.508  1.791  7.174  0.972  0.408  1.198
 1.4125 -1.3146  -0.066 -0.028  0.246  0.101 -0.121  0.301  1.195 -0.040  4.392  2.116  0.018  0.069  1.076  0.877  0.816  0.498  0.361  0.233  1.446  0.031  0.039  6.401  4.752  4.772  4.457  1.593  5.814  1.677  7.373  0.976  0.439  1.202
 1.5849 -1.3146  -0.066 -0.029  0.239  0.096 -0.159  0.287  1.166 -0.131  4.441  2.027  0.015  0.063  1.046  0.827  0.757  0.447  0.349  0.213  1.337  0.028  0.032  6.454  4.823  4.794  4.483  1.599  5.533  1.767  7.176  0.971  0.408  1.189
 1.7783 -1.3146  -0.063 -0.027  0.266  0.409  0.021  0.323  1.246 -0.113  4.222  2.099  0.014  0.064  1.082  0.883  0.781  0.454  0.358  0.219  1.316  0.027  0.031  6.083  4.309  4.521  4.164  1.619  5.508  1.668  7.059  0.969  0.405  1.185
 1.9953 -1.3146  -0.061 -0.026  0.303  0.747  0.216  0.364  1.338 -0.076  3.976  2.196  0.014  0.066  1.121  0.953  0.823  0.479  0.372  0.231  1.305  0.027  0.030  5.678  3.707  4.239  3.816  1.640  5.541  1.548  6.981  0.967  0.407  1.180
 2.2387 -1.3146  -0.059 -0.025  0.324  0.981  0.346  0.387  1.386 -0.075  3.812  2.231  0.014  0.067  1.144  0.984  0.837  0.482  0.377  0.233  1.279  0.026  0.028  5.369  3.294  4.020  3.562  1.651  5.487  1.486  6.869  0.965  0.401  1.175
 2.5119 -1.3146  -0.058 -0.024  0.340  1.108  0.421  0.396  1.404 -0.084  3.719  2.228  0.014  0.067  1.166  0.993  0.841  0.479  0.375  0.229  1.264  0.025  0.027  5.170  3.035  3.895  3.414  1.654  5.413  1.455  6.767  0.963  0.393  1.172
 2.8184 -1.3146  -0.059 -0.025  0.346  1.076  0.408  0.392  1.398 -0.096  3.734  2.214  0.014  0.067  1.183  0.984  0.838  0.476  0.372  0.228  1.261  0.025  0.027  5.197  3.076  3.919  3.435  1.652  5.394  1.463  6.755  0.963  0.392  1.171
 3.1623 -1.3146  -0.058 -0.025  0.363  1.245  0.500  0.408  1.431 -0.101  3.605  2.236  0.013  0.067  1.199  1.006  0.845  0.476  0.377  0.229  1.238  0.024  0.025  4.953  2.751  3.758  3.240  1.659  5.342  1.413  6.656  0.961  0.386  1.166
 3.5481 -1.3146  -0.057 -0.024  0.384  1.455  0.614  0.427  1.472 -0.096  3.449  2.268  0.013  0.069  1.240  1.036  0.859  0.480  0.381  0.231  1.240  0.024  0.024  4.633  2.311  3.553  2.994  1.663  5.329  1.339  6.574  0.959  0.386  1.164
 3.9811 -1.3146  -0.055 -0.023  0.407  1.674  0.747  0.450  1.518 -0.082  3.279  2.308  0.014  0.070  1.267  1.072  0.880  0.491  0.388  0.236  1.235  0.023  0.023  4.300  1.885  3.332  2.735  1.665  5.324  1.254  6.490  0.958  0.385  1.160
 4.4668 -1.3146  -0.054 -0.022  0.430  1.880  0.875  0.471  1.561 -0.069  3.121  2.345  0.014  0.071  1.293  1.107  0.900  0.501  0.395  0.240  1.237  0.023  0.022  3.964  1.439  3.126  2.479  1.669  5.332  1.175  6.425  0.957  0.386  1.157
 5.0119 -1.3146  -0.053 -0.022  0.447  2.042  0.980  0.486  1.591 -0.066  2.990  2.364  0.014  0.072  1.323  1.129  0.911  0.504  0.399  0.242  1.232  0.022  0.021  3.690  1.084  2.949  2.261  1.663  5.316  1.105  6.344  0.956  0.385  1.154
 5.6234 -1.3146  -0.052 -0.021  0.469  2.245  1.112  0.508  1.633 -0.049  2.837  2.400  0.015  0.073  1.340  1.164  0.931  0.515  0.408  0.247  1.232  0.022  0.020  3.342  0.681  2.721  2.007  1.667  5.326  1.024  6.279  0.955  0.386  1.150
 6.3096 -1.3146  -0.051 -0.020  0.490  2.426  1.228  0.526  1.667 -0.045  2.703  2.424  0.015  0.074  1.354  1.195  0.944  0.520  0.415  0.250  1.234  0.021  0.019  3.030  0.339  2.515  1.779  1.671  5.328  0.953  6.214  0.954  0.387  1.145
 7.0795 -1.3146  -0.050 -0.020  0.508  2.562  1.317  0.541  1.697 -0.042  2.598  2.446  0.016  0.076  1.393  1.220  0.953  0.523  0.424  0.255  1.227  0.020  0.017  2.784  0.023  2.363  1.591  1.674  5.325  0.892  6.154  0.954  0.387  1.138
 7.9433 -1.3146  -0.048 -0.019  0.526  2.721  1.422  0.559  1.730 -0.033  2.480  2.472  0.017  0.076  1.391  1.249  0.967  0.530  0.433  0.260  1.228  0.019  0.015  2.533 -0.223  2.173  1.396  1.676  5.331  0.833  6.105  0.953  0.389  1.134
 8.9125 -1.3146  -0.048 -0.019  0.547  2.868  1.525  0.574  1.759 -0.031  2.376  2.491  0.018  0.077  1.410  1.276  0.979  0.535  0.440  0.262  1.232  0.018  0.014  2.341 -0.417  2.011  1.226  1.686  5.334  0.781  6.061  0.952  0.390  1.129
10.0000 -1.3146  -0.048 -0.019  0.564  2.980  1.601  0.585  1.778 -0.038  2.287  2.498  0.018  0.076  1.384  1.295  0.985  0.534  0.445  0.264  1.235  0.017  0.012  2.178 -0.677  1.905  1.078  1.689  5.325  0.739  6.012  0.952  0.391  1.123
11.2202 -1.3146  -0.047 -0.018  0.582  3.109  1.683  0.597  1.803 -0.042  2.195  2.514  0.019  0.075  1.327  1.319  0.994  0.536  0.452  0.265  1.243  0.017  0.011  2.004 -0.959  1.796  0.920  1.701  5.334  0.701  5.987  0.951  0.393  1.118
12.5893 -1.3146  -0.047 -0.017  0.600  3.206  1.755  0.613  1.832 -0.045  2.132  2.533  0.021  0.078  1.373  1.344  1.014  0.549  0.457  0.270  1.266  0.016  0.010  1.856 -1.191  1.705  0.791  1.716  5.336  0.673  5.962  0.951  0.397  1.112
14.1254 -1.3146  -0.049 -0.019  0.617  3.295  1.798  0.614  1.836 -0.069  2.094  2.527  0.021  0.080  1.417  1.351  1.016  0.546  0.462  0.266  1.259  0.015  0.009  1.763 -1.360  1.637  0.698  1.713  5.337  0.656  5.947  0.950  0.397  1.109
15.8489 -1.3146  -0.053 -0.024  0.607  3.222  1.771  0.619  1.828 -0.066  2.103  2.511  0.021  0.084  1.459  1.338  1.006  0.542  0.457  0.272  1.237  0.015  0.007  1.764 -1.326  1.634  0.702  1.699  5.273  0.658  5.885  0.948  0.394  1.102
17.7828 -1.3146  -0.067 -0.034  0.594  2.830  1.623  0.580  1.754 -0.120  2.357  2.439  0.022  0.085  1.519  1.289  0.977  0.527  0.451  0.262  1.242  0.014  0.006  2.343 -0.680  2.103  1.107  1.691  5.288  0.789  6.022  0.948  0.394  1.099
 0.0631 -0.7052  -0.189 -0.100 -0.069 -1.474  0.055  0.096  0.760 -0.428  6.035  1.694  0.014  0.052  0.729  0.731  0.469  0.323  0.434  0.310  1.100  0.015  0.006  8.440  7.815  6.399  6.338  1.148  4.828  4.027  8.573  0.967  0.261  1.130
 0.0708 -0.7052  -0.188 -0.100 -0.065 -1.439  0.016  0.100  0.772 -0.455  6.044  1.697  0.013  0.050  0.699  0.718  0.454  0.308  0.424  0.298  1.051  0.015  0.005  8.460  7.824  6.381  6.331  1.162  4.717  4.143  8.570  0.966  0.246  1.129
 0.0794 -0.7052  -0.187 -0.101 -0.065 -1.388 -0.068  0.097  0.769 -0.483  6.034  1.663  0.012  0.050  0.719  0.689  0.432  0.284  0.408  0.280  1.006  0.015  0.004  8.428  7.782  6.333  6.299  1.175  4.529  4.310  8.538  0.964  0.221  1.127
 0.0891 -0.7052  -0.186 -0.101 -0.061 -1.342 -0.095  0.097  0.769 -0.483  6.014  1.638  0.011  0.049  0.732  0.669  0.420  0.270  0.396  0.268  0.983  0.015  0.004  8.395  7.741  6.295  6.268  1.188  4.421  4.430  8.541  0.963  0.206  1.127
 0.1000 -0.7052  -0.186 -0.101 -0.069 -1.340 -0.216  0.068  0.699 -0.506  5.981  1.520  0.011  0.047  0.718  0.600  0.375  0.237  0.372  0.247  0.954  0.015  0.004  8.297  7.663  6.259  6.242  1.203  4.328  4.527  8.538  0.962  0.194  1.128
 0.1122 -0.7052  -0.182 -0.099  0.004 -1.125 -0.099  0.133  0.847 -0.328  5.788  1.800  0.016  0.060  0.898  0.747  0.547  0.362  0.389  0.287  1.242  0.026  0.028  8.135  7.334  6.108  6.051  1.221  5.047  4.078  8.839  0.971  0.292  1.184
 0.1259 -0.7052  -0.175 -0.092  0.270 -0.622  0.295  0.337  1.256  0.753  5.289  2.935  0.029  0.114  1.812  1.198  1.097  0.659  0.327  0.385  2.372  0.087  0.152  7.500  6.386  5.755  5.558  1.249  6.906  2.778  9.489  1.034  0.543  1.263
 0.1413 -0.7052  -0.176 -0.094  0.222 -0.711  0.112  0.280  1.112  0.688  5.326  2.794  0.026  0.106  1.800  1.086  0.992  0.573  0.295  0.343  2.214  0.084  0.145  7.536  6.442  5.728  5.558  1.264  6.703  2.888  9.389  1.038  0.525  1.264
 0.1585 -0.7052  -0.175 -0.095  0.140 -0.830 -0.132  0.186  0.889  0.467  5.356  2.474  0.023  0.092  1.625  0.899  0.812  0.457  0.268  0.291  1.959  0.076  0.128  7.395  6.483  5.766  5.660  1.281  6.466  3.027  9.281  1.037  0.500  1.264
 0.1778 -0.7052  -0.180 -0.099  0.042 -1.174 -0.425  0.052  0.589  0.120  5.552  1.917  0.021  0.074  1.322  0.618  0.564  0.307  0.225  0.227  1.696  0.066  0.107  7.526  6.837  5.943  5.911  1.295  6.211  3.221  9.207  1.036  0.473  1.264
 0.1995 -0.7052  -0.180 -0.100 -0.029 -1.291 -0.634 -0.041  0.369 -0.124  5.564  1.474  0.019  0.061  1.091  0.399  0.364  0.183  0.194  0.171  1.444  0.056  0.084  7.397  6.823  5.929  5.945  1.314  5.877  3.323  8.967  1.032  0.443  1.258
 0.2239 -0.7052  -0.183 -0.102 -0.048 -1.392 -0.714 -0.065  0.314 -0.224  5.650  1.346  0.017  0.055  1.021  0.328  0.289  0.133  0.185  0.145  1.309  0.050  0.071  7.430  6.888  5.923  5.955  1.324  5.584  3.360  8.708  1.030  0.417  1.251
 0.2512 -0.7052  -0.187 -0.105 -0.043 -1.438 -0.857 -0.055  0.348 -0.288  5.763  1.303  0.016  0.057  0.989  0.331  0.279  0.123  0.195  0.139  1.229  0.044  0.059  7.589  7.168  5.918  6.064  1.345  5.241  3.396  8.400  1.022  0.382  1.242
 0.2818 -0.7052  -0.189 -0.107 -0.019 -1.425 -0.847 -0.026  0.422 -0.262  5.841  1.393  0.016  0.059  1.026  0.392  0.327  0.148  0.209  0.150  1.249  0.043  0.058  7.667  7.188  5.927  6.043  1.369  5.260  3.259  8.291  1.019  0.385  1.239
 0.3162 -0.7052  -0.192 -0.110  0.008 -1.424 -0.778  0.005  0.498 -0.222  5.920  1.476  0.017  0.060  1.070  0.458  0.383  0.178  0.225  0.164  1.291  0.043  0.058  7.754  7.259  5.956  6.044  1.396  5.349  3.129  8.259  1.018  0.393  1.237
 0.3548 -0.7052  -0.196 -0.113  0.034 -1.492 -0.770  0.025  0.551 -0.202  6.036  1.551  0.017  0.059  1.093  0.504  0.421  0.201  0.236  0.174  1.315  0.043  0.059  7.938  7.463  6.061  6.126  1.397  5.424  3.070  8.280  1.018  0.401  1.236
 0.3981 -0.7052  -0.199 -0.115  0.056 -1.531 -0.746  0.046  0.609 -0.206  6.124  1.582  0.018  0.059  1.092  0.543  0.452  0.220  0.250  0.184  1.322  0.041  0.055  8.097  7.650  6.139  6.197  1.417  5.397  3.068  8.251  1.014  0.398  1.232
 0.4467 -0.7052  -0.200 -0.116  0.089 -1.483 -0.697  0.077  0.688 -0.173  6.141  1.684  0.018  0.061  1.132  0.602  0.502  0.248  0.262  0.195  1.350  0.042  0.056  8.170  7.704  6.143  6.197  1.438  5.467  3.001  8.258  1.013  0.409  1.231
 0.5012 -0.7052  -0.200 -0.116  0.122 -1.419 -0.648  0.107  0.763 -0.138  6.137  1.783  0.018  0.063  1.173  0.658  0.550  0.275  0.273  0.206  1.379  0.042  0.058  8.219  7.725  6.134  6.182  1.456  5.534  2.935  8.263  1.014  0.418  1.232
 0.5623 -0.7052  -0.199 -0.116  0.155 -1.324 -0.587  0.139  0.837 -0.094  6.098  1.890  0.018  0.066  1.218  0.714  0.597  0.304  0.284  0.216  1.402  0.043  0.059  8.208  7.677  6.089  6.128  1.471  5.592  2.866  8.258  1.014  0.427  1.233
 0.6310 -0.7052  -0.195 -0.114  0.192 -1.150 -0.483  0.179  0.930 -0.028  5.993  2.013  0.018  0.069  1.277  0.786  0.656  0.338  0.298  0.230  1.431  0.043  0.060  8.111  7.500  5.982  6.006  1.489  5.647  2.782  8.235  1.014  0.435  1.232
 0.7079 -0.7052  -0.191 -0.112  0.223 -0.990 -0.396  0.213  1.009  0.018  5.894  2.113  0.018  0.071  1.320  0.841  0.698  0.361  0.310  0.239  1.445  0.043  0.060  8.027  7.333  5.888  5.894  1.510  5.671  2.723  8.203  1.013  0.440  1.232
 0.7943 -0.7052  -0.186 -0.109  0.256 -0.774 -0.279  0.252  1.094  0.080  5.745  2.222  0.018  0.074  1.370  0.904  0.745  0.387  0.323  0.250  1.460  0.043  0.059  7.851  7.045  5.740  5.718  1.532  5.704  2.639  8.159  1.013  0.444  1.231
 0.8913 -0.7052  -0.179 -0.105  0.294 -0.498 -0.120  0.299  1.194  0.176  5.542  2.359  0.019  0.077  1.441  0.984  0.807  0.422  0.341  0.265  1.484  0.043  0.060  7.566  6.629  5.528  5.467  1.552  5.767  2.524  8.114  1.012  0.451  1.230
 1.0000 -0.7052  -0.172 -0.100  0.330 -0.211  0.035  0.344  1.286  0.261  5.330  2.486  0.019  0.080  1.503  1.055  0.859  0.452  0.358  0.277  1.497  0.043  0.059  7.258  6.169  5.306  5.200  1.580  5.820  2.405  8.057  1.010  0.457  1.228
 1.1220 -0.7052  -0.162 -0.095  0.365  0.120  0.231  0.393  1.385  0.355  5.077  2.595  0.020  0.083  1.555  1.131  0.916  0.485  0.377  0.292  1.514  0.042  0.058  6.858  5.603  5.034  4.872  1.606  5.872  2.269  7.982  1.009  0.461  1.225
 1.2589 -0.7052  -0.146 -0.083  0.414  0.656  0.570  0.478  1.546  0.561  4.660  2.821  0.022  0.089  1.651  1.273  1.020  0.559  0.426  0.328  1.523  0.040  0.055  6.145  4.589  4.591  4.305  1.636  6.008  2.042  7.907  1.005  0.472  1.217
 1.4125 -0.7052  -0.126 -0.068  0.465  1.347  1.052  0.588  1.748  0.834  4.133  3.081  0.026  0.095  1.759  1.458  1.154  0.655  0.493  0.377  1.549  0.037  0.050  5.129  3.233  3.977  3.543  1.682  6.196  1.779  7.851  0.998  0.487  1.203
 1.5849 -0.7052  -0.126 -0.066  0.519  1.244  0.927  0.600  1.779  0.884  4.157  3.271  0.026  0.101  1.863  1.486  1.184  0.680  0.493  0.391  1.587  0.043  0.061  5.390  3.403  4.155  3.667  1.677  6.346  1.760  7.983  1.012  0.514  1.216
 1.7783 -0.7052  -0.118 -0.061  0.536  1.528  1.085  0.628  1.835  0.898  3.939  3.295  0.027  0.101  1.880  1.520  1.194  0.684  0.510  0.395  1.559  0.039  0.053  4.944  2.828  3.878  3.343  1.673  6.273  1.681  7.836  1.007  0.504  1.207
 1.9953 -0.7052  -0.105 -0.053  0.574  1.939  1.337  0.682  1.936  0.990  3.623  3.387  0.029  0.105  1.923  1.598  1.250  0.726  0.541  0.414  1.570  0.037  0.050  4.276  1.957  3.473  2.859  1.678  6.343  1.530  7.766  1.003  0.511  1.198
 2.2387 -0.7052  -0.092 -0.044  0.615  2.381  1.618  0.744  2.045  1.135  3.303  3.533  0.031  0.109  2.000  1.687  1.315  0.772  0.571  0.432  1.587  0.036  0.049  3.539  1.002  3.031  2.324  1.698  6.431  1.378  7.712  1.000  0.520  1.192
 2.5119 -0.7052  -0.083 -0.037  0.646  2.706  1.786  0.782  2.111  1.207  3.078  3.626  0.032  0.112  2.043  1.734  1.346  0.795  0.587  0.438  1.583  0.036  0.048  2.983  0.280  2.694  1.922  1.709  6.473  1.275  7.659  1.000  0.525  1.189
 2.8184 -0.7052  -0.075 -0.032  0.670  2.971  1.953  0.812  2.163  1.259  2.897  3.669  0.033  0.114  2.075  1.772  1.371  0.813  0.602  0.444  1.579  0.035  0.046  2.510 -0.279  2.401  1.597  1.722  6.478  1.193  7.587  0.998  0.526  1.185
 3.1623 -0.7052  -0.070 -0.028  0.685  3.116  2.029  0.828  2.192  1.282  2.791  3.701  0.034  0.115  2.088  1.791  1.384  0.822  0.608  0.446  1.581  0.034  0.045  2.232 -0.603  2.230  1.409  1.732  6.480  1.147  7.546  0.996  0.528  1.182
 3.5481 -0.7052  -0.067 -0.026  0.697  3.211  2.056  0.838  2.211  1.272  2.720  3.725  0.035  0.116  2.087  1.802  1.389  0.832  0.617  0.450  1.572  0.034  0.044  2.090 -0.805  2.139  1.292  1.736  6.496  1.115  7.532  0.994  0.531  1.179
 3.9811 -0.7052  -0.061 -0.022  0.714  3.366  2.144  0.861  2.249  1.313  2.609  3.774  0.036  0.119  2.123  1.828  1.407  0.848  0.627  0.457  1.578  0.033  0.044  1.807 -1.163  1.963  1.082  1.749  6.529  1.063  7.518  0.993  0.537  1.177
 4.4668 -0.7052  -0.058 -0.020  0.747  3.497  2.218  0.873  2.278  1.299  2.512  3.783  0.037  0.121  2.141  1.847  1.430  0.869  0.635  0.460  1.596  0.033  0.043  1.588 -1.386  1.798  0.923  1.751  6.555  1.014  7.498  0.990  0.543  1.173
 5.0119 -0.7052  -0.053 -0.016  0.773  3.656  2.331  0.900  2.325  1.364  2.394  3.825  0.039  0.123  2.145  1.884  1.463  0.893  0.644  0.470  1.627  0.033  0.044  1.332 -1.759  1.647  0.717  1.764  6.596  0.967  7.495  0.989  0.551  1.170
 5.6234 -0.7052  -0.050 -0.014  0.797  3.744  2.407  0.910  2.344  1.361  2.320  3.804  0.040  0.124  2.160  1.896  1.481  0.906  0.646  0.472  1.652  0.032  0.042  1.170 -1.993  1.552  0.583  1.766  6.581  0.929  7.445  0.986  0.553  1.165
 6.3096 -0.7052  -0.046 -0.012  0.833  3.901  2.539  0.937  2.393  1.415  2.217  3.841  0.043  0.127  2.181  1.940  1.522  0.934  0.657  0.481  1.697  0.032  0.042  0.920 -2.345  1.412  0.387  1.796  6.624  0.889  7.450  0.984  0.561  1.160
 7.0795 -0.7052  -0.043 -0.009  0.864  4.017  2.691  0.963  2.439  1.489  2.145  3.855  0.045  0.132  2.270  1.979  1.565  0.960  0.664  0.493  1.754  0.032  0.042  0.683 -2.638  1.291  0.220  1.830  6.656  0.855  7.451  0.983  0.569  1.158
 7.9433 -0.7052  -0.041 -0.008  0.910  4.143  2.848  0.987  2.484  1.542  2.070  3.867  0.048  0.138  2.365  2.020  1.616  0.996  0.671  0.501  1.816  0.032  0.042  0.449 -2.926  1.171  0.053  1.846  6.688  0.824  7.454  0.981  0.576  1.156
 8.9125 -0.7052  -0.037 -0.005  0.936  4.260  2.982  1.013  2.529  1.602  1.999  3.887  0.051  0.143  2.442  2.057  1.651  1.017  0.678  0.512  1.868  0.032  0.042  0.218 -3.212  1.054 -0.110  1.872  6.723  0.798  7.465  0.979  0.584  1.154
10.0000 -0.7052  -0.035 -0.003  0.971  4.382  3.111  1.034  2.569  1.635  1.929  3.903  0.053  0.148  2.517  2.093  1.687  1.040  0.687  0.519  1.916  0.032  0.042  0.010 -3.477  0.947 -0.260  1.897  6.753  0.776  7.475  0.977  0.591  1.152
11.2202 -0.7052  -0.032 -0.001  1.006  4.483  3.275  1.062  2.616  1.716  1.866  3.905  0.056  0.153  2.606  2.134  1.738  1.074  0.691  0.530  1.990  0.032  0.042 -0.230 -3.720  0.834 -0.404  1.931  6.792  0.757  7.496  0.974  0.598  1.150
12.5893 -0.7052  -0.029  0.001  1.043  4.620  3.406  1.087  2.664  1.754  1.792  3.932  0.059  0.159  2.682  2.172  1.775  1.098  0.700  0.539  2.040  0.032  0.043 -0.451 -4.009  0.722 -0.563  1.963  6.843  0.741  7.532  0.971  0.608  1.148
14.1254 -0.7052  -0.026  0.004  1.069  4.722  3.503  1.108  2.700  1.784  1.732  3.948  0.061  0.164  2.740  2.200  1.808  1.125  0.707  0.547  2.079  0.032  0.043 -0.637 -4.240  0.628 -0.691  1.994  6.872  0.730  7.551  0.969  0.614  1.145
15.8489 -0.7052  -0.025  0.005  1.097  4.791  3.611  1.120  2.729  1.789  1.688  3.922  0.064  0.169  2.799  2.224  1.835  1.140  0.711  0.553  2.135  0.031  0.042 -0.772 -4.379  0.563 -0.772  2.021  6.882  0.721  7.553  0.965  0.619  1.140
17.7828 -0.7052  -0.025  0.005  1.121  4.827  3.642  1.121  2.743  1.728  1.662  3.876  0.066  0.174  2.821  2.230  1.849  1.153  0.713  0.556  2.175  0.031  0.041 -0.790 -4.430  0.541 -0.792  2.028  6.885  0.722  7.557  0.962  0.624  1.137
 0.0631 -0.3960  -0.188 -0.104  0.011 -1.367  0.193  0.153  0.852 -0.211  6.135  1.870  0.021  0.069  0.935  0.891  0.628  0.411  0.481  0.383  1.361  0.019  0.017  8.613  8.105  6.363  6.457  1.165  5.123  4.481  9.290  0.971  0.301  1.154
 0.0708 -0.3960  -0.186 -0.104  0.011 -1.284  0.177  0.154  0.855 -0.211  6.083  1.845  0.020  0.067  0.932  0.872  0.612  0.392  0.468  0.368  1.307  0.018  0.015  8.515  7.996  6.291  6.398  1.179  4.987  4.617  9.280  0.969  0.280  1.151
 0.0794 -0.3960  -0.183 -0.103  0.009 -1.179  0.120  0.158  0.865 -0.243  6.028  1.829  0.018  0.065  0.910  0.847  0.586  0.364  0.452  0.347  1.230  0.018  0.012  8.445  7.881  6.206  6.322  1.195  4.765  4.806  9.234  0.967  0.250  1.147
 0.0891 -0.3960  -0.180 -0.102  0.015 -1.067  0.124  0.165  0.879 -0.217  5.942  1.825  0.017  0.064  0.932  0.842  0.585  0.355  0.443  0.337  1.206  0.018  0.011  8.303  7.680  6.108  6.207  1.214  4.663  4.873  9.195  0.966  0.236  1.146
 0.1000 -0.3960  -0.176 -0.099  0.011 -0.967  0.069  0.149  0.834 -0.214  5.814  1.745  0.016  0.062  0.932  0.803  0.557  0.334  0.427  0.321  1.175  0.018  0.011  8.040  7.373  5.979  6.056  1.230  4.582  4.883  9.123  0.965  0.227  1.148
 0.1122 -0.3960  -0.177 -0.100  0.021 -0.956  0.070  0.154  0.847 -0.211  5.823  1.755  0.016  0.060  0.911  0.800  0.556  0.331  0.420  0.315  1.161  0.018  0.011  8.051  7.387  5.973  6.055  1.240  4.452  4.955  9.060  0.965  0.214  1.152
 0.1259 -0.3960  -0.170 -0.095  0.108 -0.742 -0.035  0.211  0.859  0.538  5.544  2.783  0.014  0.080  1.631  0.969  0.728  0.365  0.312  0.269  1.518  0.060  0.093  7.351  6.630  5.657  5.701  1.262  5.796  3.387  8.946  1.152  0.456  1.271
 0.1413 -0.3960  -0.170 -0.095  0.045 -0.865 -0.157  0.111  0.644  0.248  5.507  2.233  0.014  0.067  1.362  0.770  0.560  0.274  0.287  0.236  1.363  0.052  0.075  7.189  6.527  5.631  5.679  1.272  5.580  3.453  8.791  1.150  0.434  1.267
 0.1585 -0.3960  -0.172 -0.096 -0.031 -1.077 -0.448 -0.016  0.367 -0.096  5.532  1.559  0.015  0.058  1.071  0.510  0.340  0.157  0.253  0.192  1.165  0.042  0.054  7.129  6.693  5.669  5.848  1.294  5.391  3.483  8.630  1.145  0.410  1.262
 0.1778 -0.3960  -0.177 -0.100 -0.042 -1.233 -0.598 -0.039  0.326 -0.202  5.717  1.385  0.015  0.057  1.001  0.452  0.290  0.130  0.249  0.180  1.100  0.037  0.045  7.337  6.892  5.773  5.923  1.323  5.296  3.464  8.518  1.141  0.397  1.258
 0.1995 -0.3960  -0.184 -0.104 -0.031 -1.361 -0.586 -0.024  0.368 -0.218  5.913  1.379  0.016  0.053  0.964  0.480  0.313  0.148  0.270  0.188  1.091  0.034  0.038  7.563  7.152  5.917  6.030  1.339  5.207  3.472  8.436  1.132  0.379  1.251
 0.2239 -0.3960  -0.190 -0.108 -0.013 -1.463 -0.581 -0.003  0.428 -0.211  6.088  1.427  0.016  0.052  0.969  0.517  0.346  0.165  0.281  0.194  1.103  0.032  0.035  7.798  7.437  6.042  6.149  1.344  5.144  3.477  8.377  1.129  0.370  1.248
 0.2512 -0.3960  -0.196 -0.113  0.004 -1.597 -0.607  0.014  0.480 -0.224  6.284  1.466  0.016  0.051  0.956  0.546  0.369  0.177  0.292  0.199  1.108  0.031  0.033  8.092  7.803  6.205  6.311  1.359  5.060  3.513  8.327  1.127  0.362  1.245
 0.2818 -0.3960  -0.202 -0.117  0.023 -1.725 -0.636  0.030  0.529 -0.242  6.461  1.490  0.016  0.050  0.936  0.570  0.390  0.190  0.304  0.206  1.108  0.029  0.029  8.392  8.170  6.369  6.479  1.377  4.957  3.581  8.288  1.110  0.353  1.239
 0.3162 -0.3960  -0.205 -0.120  0.052 -1.736 -0.619  0.062  0.610 -0.196  6.547  1.614  0.015  0.051  0.982  0.626  0.438  0.213  0.312  0.213  1.143  0.030  0.031  8.574  8.365  6.435  6.550  1.395  5.020  3.527  8.299  1.103  0.363  1.239
 0.3548 -0.3960  -0.207 -0.122  0.078 -1.741 -0.614  0.089  0.678 -0.160  6.619  1.724  0.015  0.053  1.020  0.671  0.476  0.230  0.319  0.218  1.168  0.031  0.033  8.739  8.541  6.495  6.617  1.411  5.070  3.487  8.313  1.097  0.372  1.240
 0.3981 -0.3960  -0.207 -0.122  0.109 -1.673 -0.584  0.123  0.760 -0.115  6.634  1.852  0.014  0.056  1.069  0.722  0.519  0.249  0.325  0.224  1.192  0.032  0.035  8.833  8.610  6.494  6.625  1.429  5.133  3.432  8.325  1.092  0.381  1.241
 0.4467 -0.3960  -0.205 -0.122  0.139 -1.553 -0.512  0.160  0.847 -0.059  6.585  1.954  0.014  0.058  1.112  0.781  0.571  0.277  0.338  0.235  1.226  0.032  0.036  8.836  8.560  6.448  6.571  1.454  5.184  3.369  8.318  1.085  0.386  1.239
 0.5012 -0.3960  -0.202 -0.120  0.173 -1.372 -0.414  0.203  0.946  0.023  6.480  2.084  0.014  0.061  1.170  0.850  0.630  0.307  0.353  0.248  1.263  0.033  0.037  8.751  8.395  6.347  6.454  1.478  5.250  3.276  8.297  1.083  0.395  1.238
 0.5623 -0.3960  -0.198 -0.118  0.206 -1.196 -0.328  0.242  1.033  0.092  6.372  2.198  0.014  0.064  1.221  0.909  0.681  0.334  0.364  0.258  1.294  0.033  0.038  8.678  8.228  6.254  6.341  1.502  5.303  3.198  8.277  1.082  0.403  1.239
 0.6310 -0.3960  -0.192 -0.114  0.243 -0.924 -0.186  0.291  1.139  0.199  6.180  2.338  0.014  0.068  1.290  0.985  0.747  0.370  0.381  0.272  1.332  0.034  0.040  8.460  7.869  6.072  6.126  1.532  5.387  3.074  8.246  1.080  0.412  1.238
 0.7079 -0.3960  -0.183 -0.109  0.282 -0.595 -0.012  0.348  1.253  0.347  5.925  2.531  0.015  0.073  1.379  1.080  0.825  0.419  0.406  0.292  1.371  0.035  0.042  8.120  7.346  5.828  5.827  1.557  5.543  2.884  8.225  1.081  0.429  1.238
 0.7943 -0.3960  -0.174 -0.103  0.321 -0.256  0.174  0.403  1.362  0.476  5.666  2.674  0.016  0.077  1.455  1.163  0.896  0.461  0.429  0.308  1.408  0.035  0.042  7.739  6.795  5.565  5.509  1.580  5.638  2.718  8.166  1.080  0.439  1.237
 0.8913 -0.3960  -0.163 -0.096  0.364  0.149  0.408  0.466  1.483  0.644  5.348  2.844  0.018  0.081  1.548  1.261  0.978  0.512  0.456  0.327  1.450  0.035  0.042  7.234  6.070  5.235  5.101  1.603  5.739  2.539  8.100  1.077  0.448  1.235
 1.0000 -0.3960  -0.153 -0.090  0.404  0.530  0.654  0.525  1.596  0.814  5.048  2.979  0.020  0.086  1.634  1.351  1.058  0.561  0.480  0.345  1.503  0.034  0.041  6.712  5.358  4.910  4.702  1.622  5.829  2.377  8.040  1.073  0.458  1.232
 1.1220 -0.3960  -0.139 -0.080  0.447  0.992  0.914  0.594  1.722  0.998  4.679  3.181  0.022  0.092  1.728  1.456  1.140  0.621  0.518  0.372  1.524  0.034  0.041  6.052  4.431  4.503  4.193  1.638  5.965  2.184  7.996  1.067  0.471  1.228
 1.2589 -0.3960  -0.113 -0.058  0.530  1.718  1.435  0.731  1.967  1.450  4.081  3.607  0.030  0.107  1.943  1.697  1.342  0.786  0.614  0.455  1.625  0.035  0.044  4.901  2.837  3.853  3.341  1.684  6.388  1.835  8.095  1.057  0.518  1.218
 1.4125 -0.3960  -0.106 -0.052  0.581  1.755  1.389  0.752  2.014  1.512  4.000  3.787  0.030  0.114  2.039  1.738  1.374  0.821  0.622  0.481  1.650  0.038  0.051  4.884  2.696  3.835  3.296  1.660  6.471  1.767  8.114  1.078  0.535  1.227
 1.5849 -0.3960  -0.097 -0.045  0.628  2.037  1.583  0.794  2.097  1.606  3.762  3.845  0.033  0.119  2.092  1.796  1.434  0.869  0.641  0.501  1.697  0.036  0.049  4.365  2.061  3.533  2.955  1.659  6.553  1.643  8.081  1.065  0.542  1.219
 1.7783 -0.3960  -0.087 -0.037  0.679  2.367  1.820  0.846  2.193  1.755  3.499  3.942  0.036  0.124  2.170  1.868  1.504  0.918  0.658  0.521  1.757  0.037  0.051  3.709  1.313  3.155  2.547  1.665  6.653  1.515  8.061  1.059  0.554  1.216
 1.9953 -0.3960  -0.075 -0.029  0.728  2.715  2.077  0.900  2.290  1.908  3.234  4.018  0.039  0.130  2.235  1.940  1.575  0.973  0.680  0.543  1.812  0.037  0.051  3.022  0.484  2.770  2.096  1.681  6.759  1.384  8.046  1.050  0.565  1.209
 2.2387 -0.3960  -0.064 -0.021  0.781  3.056  2.344  0.955  2.388  2.078  2.988  4.115  0.043  0.136  2.310  2.019  1.652  1.031  0.704  0.564  1.873  0.037  0.052  2.344 -0.299  2.389  1.660  1.708  6.854  1.270  8.035  1.044  0.577  1.203
 2.5119 -0.3960  -0.053 -0.012  0.824  3.393  2.612  1.012  2.481  2.255  2.758  4.221  0.046  0.142  2.386  2.095  1.719  1.079  0.730  0.584  1.913  0.037  0.051  1.684 -1.087  2.026  1.218  1.740  6.918  1.176  8.011  1.041  0.588  1.198
 2.8184 -0.3960  -0.046 -0.007  0.865  3.626  2.802  1.051  2.548  2.379  2.601  4.281  0.049  0.147  2.447  2.143  1.770  1.113  0.738  0.595  1.968  0.038  0.055  1.213 -1.612  1.755  0.907  1.768  6.975  1.115  8.012  1.043  0.596  1.195
 3.1623 -0.3960  -0.039 -0.001  0.890  3.852  2.990  1.081  2.600  2.443  2.455  4.297  0.051  0.149  2.471  2.181  1.800  1.134  0.755  0.604  1.984  0.036  0.051  0.842 -2.129  1.541  0.619  1.794  6.984  1.048  7.959  1.032  0.600  1.186
 3.5481 -0.3960  -0.034  0.003  0.913  4.001  3.129  1.105  2.641  2.511  2.354  4.329  0.052  0.151  2.483  2.211  1.828  1.153  0.763  0.612  2.010  0.036  0.051  0.602 -2.467  1.400  0.432  1.817  7.014  1.012  7.956  1.028  0.605  1.181
 3.9811 -0.3960  -0.031  0.005  0.938  4.081  3.214  1.124  2.674  2.569  2.303  4.363  0.054  0.155  2.537  2.240  1.858  1.176  0.769  0.620  2.044  0.037  0.052  0.452 -2.664  1.326  0.323  1.832  7.048  0.991  7.970  1.025  0.612  1.179
 4.4668 -0.3960  -0.028  0.008  0.968  4.197  3.331  1.148  2.716  2.635  2.236  4.394  0.056  0.159  2.601  2.272  1.892  1.198  0.776  0.629  2.086  0.037  0.053  0.250 -2.936  1.217  0.171  1.852  7.084  0.965  7.981  1.022  0.619  1.177
 5.0119 -0.3960  -0.025  0.010  1.003  4.318  3.439  1.166  2.749  2.676  2.175  4.440  0.058  0.163  2.682  2.304  1.920  1.215  0.780  0.629  2.127  0.037  0.053  0.049 -3.211  1.101  0.013  1.878  7.097  0.935  7.966  1.018  0.625  1.174
 5.6234 -0.3960  -0.020  0.014  1.035  4.469  3.576  1.197  2.798  2.765  2.095  4.497  0.060  0.168  2.768  2.343  1.957  1.241  0.788  0.638  2.169  0.038  0.054 -0.223 -3.567  0.961 -0.185  1.917  7.133  0.908  7.978  1.016  0.632  1.173
 6.3096 -0.3960  -0.017  0.016  1.069  4.575  3.666  1.220  2.833  2.823  2.033  4.562  0.062  0.173  2.861  2.376  1.989  1.262  0.794  0.643  2.215  0.038  0.054 -0.421 -3.837  0.860 -0.338  1.943  7.166  0.883  7.987  1.011  0.641  1.170
 7.0795 -0.3960  -0.015  0.017  1.092  4.672  3.753  1.234  2.857  2.835  1.978  4.560  0.064  0.176  2.918  2.394  2.007  1.273  0.796  0.642  2.254  0.037  0.053 -0.605 -4.064  0.765 -0.473  1.963  7.152  0.867  7.958  1.009  0.644  1.169
 7.9433 -0.3960  -0.012  0.020  1.133  4.782  3.881  1.258  2.903  2.885  1.913  4.595  0.067  0.182  2.992  2.435  2.049  1.301  0.805  0.650  2.315  0.038  0.054 -0.810 -4.313  0.665 -0.614  1.992  7.180  0.852  7.972  1.006  0.652  1.167
 8.9125 -0.3960  -0.008  0.023  1.161  4.901  3.994  1.284  2.943  2.952  1.848  4.634  0.069  0.187  3.062  2.467  2.080  1.323  0.811  0.657  2.358  0.038  0.054 -1.046 -4.593  0.554 -0.774  2.025  7.201  0.840  7.982  1.004  0.659  1.166
10.0000 -0.3960  -0.004  0.026  1.195  5.012  4.110  1.314  2.990  3.037  1.784  4.701  0.072  0.192  3.145  2.508  2.119  1.351  0.820  0.665  2.408  0.038  0.056 -1.275 -4.863  0.449 -0.925  2.066  7.233  0.832  8.007  1.003  0.667  1.165
11.2202 -0.3960  -0.002  0.028  1.223  5.101  4.207  1.332  3.024  3.066  1.733  4.730  0.074  0.196  3.189  2.540  2.150  1.372  0.826  0.670  2.456  0.039  0.056 -1.442 -5.054  0.366 -1.033  2.091  7.242  0.830  8.014  1.004  0.672  1.165
12.5893 -0.3960   0.000  0.030  1.246  5.184  4.277  1.353  3.054  3.103  1.681  4.782  0.076  0.200  3.250  2.567  2.175  1.389  0.831  0.671  2.503  0.039  0.057 -1.619 -5.262  0.282 -1.152  2.122  7.246  0.828  8.016  1.006  0.677  1.165
14.1254 -0.3960   0.002  0.031  1.292  5.299  4.411  1.382  3.106  3.146  1.609  4.819  0.080  0.206  3.324  2.612  2.222  1.421  0.840  0.679  2.578  0.040  0.058 -1.852 -5.528  0.172 -1.304  2.166  7.258  0.828  8.028  1.010  0.685  1.165
15.8489 -0.3960   0.002  0.031  1.336  5.384  4.508  1.406  3.148  3.151  1.539  4.843  0.085  0.213  3.403  2.649  2.262  1.447  0.847  0.684  2.658  0.040  0.059 -2.045 -5.759  0.085 -1.440  2.201  7.280  0.819  8.042  1.005  0.695  1.162
17.7828 -0.3960  -0.001  0.027  1.371  5.450  4.673  1.435  3.195  3.235  1.496  4.874  0.089  0.218  3.499  2.696  2.320  1.476  0.848  0.687  2.768  0.040  0.060 -2.210 -5.866  0.011 -1.516  2.246  7.324  0.820  8.086  1.002  0.702  1.161
 0.0631  0.0000  -0.145 -0.079  0.171  0.176  0.860  0.439  1.264  1.082  4.982  2.702  0.033  0.114  1.767  1.405  1.170  0.716  0.632  0.515  1.858  0.029  0.040  6.341  5.436  4.853  5.053  1.208  6.425  4.043 10.185  0.976  0.382  1.161
 0.0708  0.0000  -0.143 -0.076  0.184  0.247  0.805  0.461  1.296  1.203  4.960  2.787  0.034  0.120  1.879  1.459  1.211  0.747  0.654  0.527  1.855  0.027  0.036  6.205  5.143  4.807  4.879  1.230  6.401  3.917 10.043  0.976  0.385  1.159
 0.0794  0.0000  -0.146 -0.077  0.180  0.078  0.734  0.426  1.213  1.166  5.055  2.692  0.035  0.108  1.720  1.428  1.177  0.735  0.654  0.524  1.813  0.026  0.032  6.367  5.382  5.020  5.024  1.233  6.130  3.930  9.785  0.977  0.375  1.159
 0.0891  0.0000  -0.149 -0.079  0.162 -0.049  0.669  0.387  1.121  1.111  5.109  2.562  0.035  0.097  1.595  1.375  1.127  0.706  0.643  0.508  1.747  0.025  0.029  6.444  5.526  5.141  5.108  1.237  5.937  3.934  9.596  0.977  0.370  1.157
 0.1000  0.0000  -0.157 -0.084  0.069 -0.559  0.323  0.206  0.733  0.640  5.329  1.972  0.030  0.075  1.180  1.076  0.839  0.530  0.559  0.438  1.487  0.022  0.021  6.730  5.993  5.393  5.379  1.251  5.756  3.952  9.432  0.977  0.367  1.156
 0.1122  0.0000  -0.163 -0.088  0.025 -0.936  0.065  0.116  0.543  0.363  5.576  1.691  0.027  0.062  0.875  0.916  0.668  0.429  0.515  0.401  1.313  0.021  0.017  7.039  6.522  5.647  5.705  1.264  5.559  4.011  9.290  0.978  0.362  1.159
 0.1259  0.0000  -0.172 -0.096 -0.016 -1.327 -0.226 -0.006  0.275  0.058  5.835  1.298  0.022  0.051  0.732  0.648  0.427  0.254  0.397  0.316  1.136  0.026  0.024  7.424  7.097  5.893  6.009  1.278  5.085  3.549  8.385  1.246  0.390  1.260
 0.1413  0.0000  -0.177 -0.098 -0.014 -1.564 -0.358  0.003  0.315 -0.004  6.147  1.383  0.019  0.050  0.590  0.660  0.409  0.248  0.404  0.324  1.066  0.025  0.022  7.825  7.594  6.107  6.256  1.290  4.923  3.665  8.332  1.227  0.376  1.258
 0.1585  0.0000  -0.187 -0.105  0.004 -1.792 -0.434  0.015  0.362 -0.035  6.459  1.398  0.017  0.051  0.614  0.661  0.418  0.245  0.400  0.324  1.062  0.024  0.020  8.282  8.179  6.349  6.536  1.305  4.738  3.824  8.295  1.199  0.359  1.255
 0.1778  0.0000  -0.194 -0.110  0.023 -1.931 -0.475  0.039  0.434 -0.031  6.697  1.468  0.016  0.051  0.639  0.686  0.445  0.254  0.404  0.325  1.058  0.023  0.017  8.648  8.622  6.528  6.738  1.324  4.615  3.930  8.270  1.179  0.344  1.251
 0.1995  0.0000  -0.199 -0.114  0.039 -2.027 -0.504  0.063  0.502 -0.027  6.887  1.533  0.015  0.052  0.658  0.709  0.469  0.262  0.408  0.324  1.049  0.022  0.015  8.957  8.986  6.670  6.901  1.339  4.519  4.044  8.280  1.149  0.330  1.246
 0.2239  0.0000  -0.204 -0.117  0.063 -2.081 -0.516  0.095  0.586 -0.001  7.035  1.629  0.014  0.054  0.699  0.750  0.510  0.280  0.418  0.330  1.065  0.021  0.013  9.247  9.309  6.792  7.040  1.357  4.486  4.117  8.314  1.127  0.326  1.239
 0.2512  0.0000  -0.206 -0.119  0.088 -2.071 -0.504  0.131  0.676  0.055  7.123  1.753  0.013  0.055  0.753  0.797  0.557  0.300  0.425  0.334  1.087  0.022  0.014  9.449  9.515  6.858  7.118  1.378  4.494  4.085  8.293  1.132  0.331  1.240
 0.2818  0.0000  -0.207 -0.120  0.111 -2.040 -0.491  0.163  0.755  0.096  7.185  1.854  0.012  0.057  0.794  0.834  0.593  0.313  0.429  0.334  1.100  0.022  0.015  9.623  9.686  6.904  7.180  1.399  4.483  4.071  8.269  1.139  0.332  1.242
 0.3162  0.0000  -0.206 -0.120  0.137 -1.936 -0.446  0.203  0.849  0.166  7.177  1.979  0.011  0.058  0.846  0.885  0.642  0.335  0.440  0.338  1.119  0.022  0.014  9.710  9.730  6.894  7.173  1.421  4.505  4.042  8.264  1.135  0.336  1.241
 0.3548  0.0000  -0.203 -0.119  0.167 -1.771 -0.365  0.249  0.952  0.275  7.101  2.135  0.011  0.061  0.918  0.954  0.707  0.370  0.457  0.348  1.155  0.022  0.015  9.703  9.642  6.832  7.100  1.449  4.587  3.951  8.262  1.132  0.346  1.240
 0.3981  0.0000  -0.199 -0.116  0.198 -1.575 -0.276  0.296  1.055  0.385  6.991  2.284  0.010  0.064  0.991  1.019  0.770  0.402  0.471  0.355  1.190  0.022  0.015  9.653  9.493  6.743  6.994  1.470  4.664  3.862  8.256  1.132  0.355  1.241
 0.4467  0.0000  -0.193 -0.112  0.231 -1.303 -0.142  0.351  1.170  0.531  6.805  2.450  0.011  0.068  1.072  1.099  0.845  0.444  0.492  0.368  1.236  0.023  0.016  9.473  9.176  6.580  6.801  1.494  4.801  3.718  8.259  1.127  0.367  1.241
 0.5012  0.0000  -0.184 -0.106  0.269 -0.973  0.033  0.412  1.295  0.720  6.556  2.640  0.012  0.073  1.176  1.195  0.935  0.497  0.517  0.387  1.301  0.023  0.017  9.185  8.714  6.360  6.534  1.520  5.007  3.501  8.263  1.123  0.387  1.240
 0.5623  0.0000  -0.173 -0.099  0.310 -0.589  0.249  0.478  1.425  0.930  6.252  2.836  0.013  0.078  1.286  1.295  1.029  0.555  0.545  0.406  1.368  0.023  0.018  8.779  8.104  6.077  6.190  1.545  5.219  3.248  8.239  1.120  0.406  1.239
 0.6310  0.0000  -0.162 -0.092  0.350 -0.200  0.461  0.541  1.548  1.136  5.944  3.015  0.014  0.083  1.395  1.387  1.116  0.608  0.569  0.423  1.431  0.024  0.019  8.319  7.440  5.771  5.820  1.571  5.377  3.042  8.206  1.117  0.419  1.237
 0.7079  0.0000  -0.149 -0.083  0.395  0.246  0.721  0.612  1.680  1.379  5.583  3.210  0.016  0.089  1.516  1.491  1.214  0.670  0.598  0.443  1.503  0.024  0.020  7.723  6.610  5.396  5.363  1.590  5.553  2.806  8.162  1.114  0.435  1.236
 0.7943  0.0000  -0.134 -0.072  0.442  0.735  1.036  0.689  1.820  1.664  5.181  3.422  0.019  0.096  1.652  1.608  1.323  0.742  0.632  0.469  1.586  0.025  0.020  6.967  5.609  4.949  4.820  1.602  5.743  2.554  8.118  1.109  0.453  1.234
 0.8913  0.0000  -0.120 -0.062  0.491  1.189  1.331  0.761  1.950  1.932  4.810  3.613  0.022  0.103  1.785  1.715  1.425  0.810  0.663  0.494  1.673  0.025  0.022  6.241  4.650  4.522  4.301  1.610  5.912  2.322  8.072  1.108  0.470  1.234
 1.0000  0.0000  -0.104 -0.050  0.543  1.679  1.672  0.838  2.087  2.219  4.407  3.805  0.026  0.110  1.922  1.829  1.533  0.884  0.697  0.521  1.765  0.026  0.023  5.366  3.554  4.029  3.717  1.621  6.085  2.087  8.026  1.103  0.488  1.232
 1.1220  0.0000  -0.088 -0.038  0.594  2.160  2.025  0.915  2.222  2.522  4.020  3.995  0.030  0.118  2.061  1.944  1.642  0.962  0.733  0.552  1.858  0.026  0.024  4.384  2.415  3.504  3.119  1.642  6.257  1.869  7.995  1.098  0.507  1.229
 1.2589  0.0000  -0.067 -0.020  0.686  2.674  2.486  1.024  2.412  2.953  3.581  4.284  0.040  0.135  2.257  2.131  1.824  1.102  0.800  0.619  2.050  0.027  0.029  3.348  1.125  2.958  2.443  1.675  6.592  1.622  8.100  1.090  0.549  1.222
 1.4125  0.0000  -0.046 -0.002  0.777  3.187  2.981  1.138  2.603  3.433  3.178  4.574  0.050  0.152  2.465  2.310  2.001  1.244  0.858  0.683  2.234  0.030  0.037  2.217 -0.219  2.393  1.746  1.729  6.939  1.410  8.250  1.077  0.589  1.214
 1.5849  0.0000  -0.051 -0.008  0.852  3.196  2.944  1.148  2.631  3.354  3.119  4.574  0.054  0.157  2.499  2.311  2.026  1.254  0.845  0.690  2.328  0.034  0.047  2.108 -0.306  2.336  1.718  1.711  6.959  1.352  8.217  1.099  0.593  1.224
 1.7783  0.0000  -0.044 -0.003  0.907  3.426  3.158  1.191  2.707  3.490  2.938  4.654  0.058  0.164  2.580  2.366  2.086  1.293  0.856  0.706  2.406  0.036  0.052  1.446 -0.954  2.032  1.391  1.736  7.088  1.260  8.260  1.086  0.608  1.218
 1.9953  0.0000  -0.037  0.003  0.955  3.659  3.403  1.234  2.778  3.629  2.764  4.735  0.061  0.170  2.660  2.420  2.140  1.332  0.869  0.719  2.467  0.037  0.053  1.055 -1.522  1.802  1.080  1.775  7.210  1.175  8.303  1.066  0.624  1.207
 2.2387  0.0000  -0.027  0.011  1.009  3.914  3.721  1.287  2.865  3.835  2.589  4.866  0.065  0.178  2.776  2.495  2.213  1.384  0.889  0.738  2.542  0.037  0.055  0.600 -2.153  1.555  0.735  1.822  7.317  1.106  8.345  1.055  0.641  1.197
 2.5119  0.0000  -0.016  0.020  1.060  4.169  3.978  1.337  2.949  4.032  2.451  4.979  0.069  0.185  2.913  2.571  2.283  1.435  0.911  0.756  2.612  0.037  0.055  0.138 -2.769  1.306  0.394  1.869  7.371  1.050  8.347  1.051  0.653  1.192
 2.8184  0.0000  -0.008  0.027  1.114  4.401  4.203  1.388  3.027  4.236  2.327  5.107  0.073  0.194  3.071  2.637  2.348  1.481  0.926  0.769  2.684  0.039  0.058 -0.302 -3.337  1.082  0.077  1.927  7.416  1.008  8.353  1.053  0.663  1.192
 3.1623  0.0000   0.002  0.036  1.173  4.626  4.446  1.442  3.113  4.455  2.199  5.231  0.078  0.203  3.227  2.712  2.422  1.536  0.946  0.788  2.767  0.040  0.060 -0.760 -3.905  0.862 -0.239  2.003  7.467  0.980  8.379  1.054  0.676  1.191
 3.5481  0.0000   0.009  0.043  1.215  4.808  4.642  1.483  3.179  4.607  2.099  5.303  0.082  0.210  3.335  2.766  2.474  1.575  0.960  0.801  2.832  0.040  0.061 -1.129 -4.348  0.684 -0.486  2.057  7.475  0.968  8.375  1.058  0.684  1.190
 3.9811  0.0000   0.016  0.048  1.262  4.966  4.828  1.517  3.239  4.727  2.010  5.362  0.086  0.217  3.437  2.819  2.527  1.613  0.974  0.812  2.901  0.040  0.061 -1.449 -4.727  0.525 -0.703  2.105  7.507  0.945  8.385  1.052  0.695  1.188
 4.4668  0.0000   0.012  0.045  1.264  4.944  4.794  1.511  3.229  4.672  2.018  5.334  0.085  0.217  3.438  2.806  2.518  1.604  0.968  0.805  2.907  0.040  0.061 -1.388 -4.661  0.552 -0.672  2.096  7.490  0.953  8.376  1.052  0.696  1.187
 5.0119  0.0000   0.017  0.049  1.302  5.066  4.927  1.543  3.279  4.775  1.947  5.394  0.089  0.223  3.516  2.847  2.559  1.634  0.978  0.816  2.961  0.040  0.062 -1.644 -4.970  0.434 -0.842  2.135  7.493  0.946  8.372  1.056  0.701  1.187
 5.6234  0.0000   0.023  0.055  1.349  5.188  5.083  1.576  3.338  4.886  1.872  5.456  0.092  0.229  3.601  2.898  2.609  1.672  0.990  0.829  3.035  0.041  0.063 -1.912 -5.283  0.307 -1.017  2.182  7.501  0.935  8.370  1.058  0.708  1.187
 6.3096  0.0000   0.022  0.052  1.364  5.249  5.108  1.578  3.339  4.832  1.839  5.427  0.093  0.231  3.641  2.893  2.607  1.666  0.987  0.818  3.058  0.039  0.060 -2.010 -5.412  0.260 -1.102  2.200  7.479  0.915  8.330  1.049  0.713  1.183
 7.0795  0.0000   0.026  0.056  1.405  5.344  5.242  1.604  3.387  4.912  1.778  5.467  0.096  0.236  3.717  2.936  2.647  1.694  0.995  0.827  3.128  0.040  0.061 -2.221 -5.652  0.156 -1.238  2.244  7.471  0.911  8.318  1.051  0.718  1.183
 7.9433  0.0000   0.029  0.059  1.445  5.459  5.370  1.635  3.434  4.998  1.709  5.513  0.099  0.242  3.800  2.972  2.685  1.722  1.003  0.834  3.188  0.040  0.062 -2.481 -5.943  0.049 -1.406  2.294  7.463  0.901  8.301  1.053  0.724  1.183
 8.9125  0.0000   0.034  0.065  1.496  5.558  5.527  1.667  3.494  5.103  1.638  5.564  0.104  0.249  3.882  3.025  2.737  1.762  1.015  0.848  3.275  0.041  0.063 -2.728 -6.212 -0.063 -1.559  2.347  7.456  0.895  8.289  1.056  0.728  1.183
10.0000  0.0000   0.038  0.068  1.539  5.644  5.648  1.697  3.542  5.184  1.577  5.608  0.107  0.256  3.956  3.064  2.778  1.792  1.023  0.857  3.344  0.041  0.064 -2.951 -6.453 -0.154 -1.696  2.401  7.452  0.887  8.278  1.055  0.735  1.183
11.2202  0.0000   0.043  0.073  1.590  5.740  5.800  1.730  3.601  5.285  1.509  5.659  0.111  0.263  4.036  3.114  2.828  1.830  1.034  0.869  3.431  0.042  0.065 -3.207 -6.720 -0.263 -1.845  2.448  7.434  0.884  8.256  1.059  0.739  1.184
12.5893  0.0000   0.048  0.079  1.645  5.826  5.958  1.765  3.664  5.397  1.439  5.731  0.116  0.271  4.132  3.173  2.882  1.870  1.046  0.881  3.526  0.042  0.066 -3.464 -6.982 -0.374 -1.997  2.510  7.442  0.877  8.257  1.058  0.747  1.183
14.1254  0.0000   0.053  0.085  1.697  5.908  6.099  1.803  3.725  5.504  1.373  5.791  0.121  0.278  4.209  3.222  2.932  1.908  1.055  0.894  3.614  0.043  0.068 -3.725 -7.247 -0.469 -2.137  2.562  7.428  0.877  8.244  1.061  0.751  1.184
15.8489  0.0000   0.057  0.089  1.747  5.967  6.230  1.831  3.778  5.575  1.316  5.827  0.125  0.285  4.272  3.268  2.979  1.943  1.063  0.904  3.708  0.043  0.069 -3.927 -7.438 -0.553 -2.251  2.603  7.408  0.878  8.225  1.064  0.755  1.184
17.7828  0.0000   0.062  0.094  1.793  6.028  6.350  1.864  3.831  5.654  1.255  5.873  0.130  0.292  4.351  3.312  3.020  1.976  1.070  0.913  3.802  0.043  0.070 -4.161 -7.663 -0.636 -2.377  2.654  7.386  0.878  8.202  1.066  0.760  1.184
 0.0631  0.2223  -0.150 -0.072  0.422 -0.747  0.655  0.471  1.204  1.994  5.337  3.218  0.064  0.141  1.710  1.834  1.618  1.105  0.843  0.796  2.862  0.044  0.082  7.207  6.341  5.659  5.547  1.183  6.581  3.444  9.784  0.997  0.522  1.195
 0.0708  0.2223  -0.152 -0.074  0.420 -0.779  0.653  0.493  1.256  2.002  5.463  3.259  0.061  0.136  1.678  1.835  1.617  1.089  0.842  0.783  2.742  0.040  0.072  7.224  6.523  5.678  5.658  1.196  6.264  3.630  9.639  0.998  0.495  1.195
 0.0794  0.2223  -0.159 -0.082  0.256 -1.044  0.315  0.297  0.847  1.285  5.639  2.503  0.048  0.107  1.278  1.437  1.225  0.813  0.718  0.660  2.244  0.033  0.054  7.400  6.885  5.786  5.860  1.213  6.019  3.797  9.551  0.997  0.473  1.193
 0.0891  0.2223  -0.163 -0.087  0.149 -1.225  0.116  0.168  0.572  0.801  5.775  1.958  0.038  0.086  0.979  1.136  0.924  0.598  0.615  0.559  1.829  0.028  0.039  7.527  7.141  5.867  6.000  1.228  5.801  3.929  9.455  0.997  0.453  1.192
 0.1000  0.2223  -0.167 -0.092  0.082 -1.384 -0.034  0.083  0.391  0.466  5.920  1.575  0.031  0.070  0.765  0.915  0.701  0.438  0.534  0.479  1.511  0.025  0.028  7.521  7.281  5.885  6.105  1.243  5.590  4.059  9.365  0.996  0.435  1.191
 0.1122  0.2223  -0.175 -0.098  0.043 -1.593 -0.188  0.034  0.293  0.220  6.176  1.331  0.024  0.059  0.609  0.756  0.540  0.316  0.469  0.413  1.257  0.022  0.020  7.954  7.838  6.117  6.365  1.263  5.340  4.228  9.272  0.996  0.409  1.190
 0.1259  0.2223  -0.184 -0.104  0.060 -1.782 -0.253  0.061  0.366  0.237  6.473  1.452  0.022  0.060  0.647  0.783  0.569  0.321  0.466  0.407  1.256  0.023  0.021  8.362  8.349  6.327  6.601  1.283  4.878  3.906  8.511  1.144  0.378  1.252
 0.1413  0.2223  -0.191 -0.110  0.071 -1.931 -0.305  0.084  0.431  0.234  6.729  1.523  0.020  0.059  0.653  0.799  0.585  0.321  0.465  0.401  1.223  0.022  0.018  8.728  8.798  6.510  6.808  1.299  4.750  4.066  8.531  1.123  0.364  1.248
 0.1585  0.2223  -0.197 -0.114  0.087 -2.034 -0.334  0.116  0.514  0.266  6.943  1.627  0.019  0.059  0.674  0.833  0.620  0.333  0.471  0.401  1.213  0.021  0.016  9.061  9.188  6.667  6.981  1.316  4.698  4.200  8.604  1.096  0.354  1.240
 0.1778  0.2223  -0.201 -0.117  0.105 -2.088 -0.344  0.151  0.601  0.317  7.103  1.747  0.017  0.060  0.707  0.875  0.661  0.351  0.479  0.402  1.214  0.021  0.014  9.338  9.497  6.787  7.114  1.335  4.670  4.270  8.641  1.080  0.351  1.234
 0.1995  0.2223  -0.204 -0.119  0.124 -2.104 -0.349  0.187  0.691  0.370  7.233  1.861  0.015  0.061  0.737  0.913  0.699  0.365  0.484  0.400  1.209  0.020  0.013  9.589  9.767  6.883  7.225  1.357  4.634  4.349  8.678  1.061  0.346  1.228
 0.2239  0.2223  -0.205 -0.120  0.147 -2.068 -0.323  0.228  0.786  0.452  7.293  1.996  0.015  0.063  0.786  0.968  0.754  0.393  0.499  0.408  1.234  0.020  0.012  9.760  9.926  6.934  7.280  1.377  4.667  4.332  8.696  1.052  0.352  1.222
 0.2512  0.2223  -0.205 -0.120  0.173 -1.973 -0.274  0.274  0.892  0.561  7.300  2.149  0.014  0.065  0.845  1.031  0.818  0.425  0.513  0.415  1.267  0.020  0.012  9.869  9.995  6.941  7.287  1.400  4.715  4.245  8.663  1.052  0.358  1.223
 0.2818  0.2223  -0.203 -0.119  0.197 -1.855 -0.223  0.316  0.986  0.653  7.278  2.278  0.013  0.067  0.895  1.081  0.868  0.449  0.523  0.418  1.285  0.020  0.012  9.934 10.011  6.922  7.269  1.424  4.727  4.185  8.619  1.054  0.360  1.225
 0.3162  0.2223  -0.199 -0.117  0.227 -1.669 -0.132  0.367  1.098  0.794  7.181  2.441  0.013  0.070  0.969  1.154  0.942  0.491  0.542  0.430  1.335  0.020  0.012  9.909  9.892  6.851  7.180  1.448  4.831  4.069  8.615  1.053  0.372  1.224
 0.3548  0.2223  -0.194 -0.113  0.259 -1.434 -0.013  0.422  1.214  0.957  7.030  2.612  0.013  0.074  1.050  1.233  1.021  0.536  0.563  0.443  1.388  0.020  0.013  9.796  9.659  6.730  7.033  1.471  4.952  3.927  8.604  1.055  0.384  1.225
 0.3981  0.2223  -0.187 -0.108  0.293 -1.155  0.123  0.478  1.330  1.126  6.839  2.780  0.014  0.077  1.133  1.309  1.098  0.580  0.582  0.454  1.439  0.020  0.013  9.608  9.332  6.565  6.837  1.496  5.082  3.763  8.582  1.059  0.397  1.227
 0.4467  0.2223  -0.178 -0.102  0.330 -0.819  0.299  0.541  1.455  1.332  6.586  2.966  0.015  0.082  1.231  1.399  1.187  0.634  0.607  0.470  1.505  0.021  0.013  9.304  8.856  6.339  6.565  1.521  5.287  3.525  8.565  1.063  0.415  1.228
 0.5012  0.2223  -0.166 -0.094  0.372 -0.432  0.518  0.610  1.590  1.579  6.277  3.171  0.017  0.087  1.347  1.503  1.290  0.699  0.638  0.492  1.588  0.021  0.014  8.885  8.229  6.055  6.216  1.545  5.535  3.248  8.556  1.064  0.439  1.228
 0.5623  0.2223  -0.153 -0.085  0.416  0.006  0.777  0.684  1.730  1.854  5.921  3.372  0.019  0.094  1.469  1.610  1.396  0.767  0.670  0.515  1.677  0.021  0.015  8.332  7.448  5.703  5.787  1.571  5.746  3.004  8.540  1.061  0.456  1.227
 0.6310  0.2223  -0.140 -0.075  0.460  0.453  1.046  0.755  1.863  2.124  5.561  3.564  0.021  0.100  1.587  1.710  1.495  0.831  0.698  0.534  1.755  0.021  0.016  7.709  6.599  5.320  5.325  1.583  5.935  2.764  8.506  1.059  0.473  1.226
 0.7079  0.2223  -0.124 -0.064  0.508  0.939  1.349  0.832  2.003  2.418  5.165  3.763  0.024  0.106  1.716  1.816  1.599  0.899  0.729  0.556  1.843  0.022  0.016  6.954  5.608  4.872  4.791  1.588  6.119  2.518  8.460  1.058  0.488  1.226
 0.7943  0.2223  -0.106 -0.050  0.561  1.477  1.715  0.918  2.155  2.772  4.723  3.985  0.028  0.114  1.868  1.940  1.721  0.982  0.767  0.584  1.952  0.022  0.018  5.986  4.401  4.335  4.149  1.599  6.332  2.234  8.409  1.059  0.510  1.224
 0.8913  0.2223  -0.089 -0.037  0.618  1.976  2.094  1.000  2.299  3.121  4.310  4.194  0.033  0.123  2.028  2.061  1.839  1.065  0.803  0.614  2.069  0.023  0.019  5.028  3.234  3.808  3.533  1.614  6.527  1.981  8.369  1.060  0.532  1.224
 1.0000  0.2223  -0.072 -0.024  0.672  2.448  2.442  1.078  2.434  3.462  3.930  4.391  0.038  0.132  2.177  2.176  1.952  1.145  0.839  0.644  2.181  0.024  0.021  3.997  2.056  3.277  2.928  1.634  6.709  1.763  8.348  1.059  0.554  1.222
 1.1220  0.2223  -0.055 -0.010  0.728  2.894  2.847  1.155  2.564  3.795  3.571  4.574  0.043  0.143  2.318  2.288  2.062  1.225  0.874  0.673  2.294  0.024  0.023  2.970  0.884  2.763  2.326  1.666  6.861  1.567  8.318  1.059  0.575  1.218
 1.2589  0.2223  -0.039  0.004  0.795  3.288  3.262  1.234  2.698  4.143  3.254  4.766  0.050  0.155  2.487  2.411  2.185  1.318  0.916  0.713  2.436  0.025  0.025  1.885 -0.253  2.281  1.766  1.713  7.045  1.401  8.347  1.055  0.601  1.212
 1.4125  0.2223  -0.018  0.023  0.916  3.706  3.754  1.349  2.895  4.665  2.908  5.060  0.064  0.176  2.738  2.603  2.385  1.480  0.981  0.790  2.702  0.029  0.037  0.756 -1.514  1.792  1.148  1.784  7.415  1.224  8.553  1.048  0.647  1.208
 1.5849  0.2223  -0.006  0.034  1.060  3.996  4.174  1.452  3.062  5.077  2.661  5.381  0.076  0.197  3.007  2.753  2.543  1.595  1.011  0.845  2.952  0.038  0.058  0.216 -2.318  1.504  0.729  1.853  7.412  1.128  8.461  1.115  0.645  1.233
 1.7783  0.2223  -0.017  0.021  1.046  4.010  4.187  1.413  2.999  4.757  2.667  5.207  0.071  0.191  2.932  2.659  2.461  1.525  0.979  0.801  2.846  0.036  0.053  0.348 -2.227  1.519  0.761  1.844  7.588  1.096  8.608  1.053  0.666  1.205
 1.9953  0.2223  -0.010  0.026  1.099  4.227  4.380  1.456  3.067  4.906  2.549  5.302  0.075  0.197  3.056  2.712  2.517  1.564  0.993  0.812  2.910  0.036  0.055 -0.025 -2.752  1.316  0.472  1.889  7.666  1.046  8.639  1.046  0.680  1.198
 2.2387  0.2223  -0.001  0.034  1.157  4.474  4.619  1.510  3.151  5.122  2.414  5.426  0.080  0.206  3.204  2.781  2.588  1.616  1.013  0.829  2.988  0.037  0.057 -0.486 -3.363  1.080  0.136  1.947  7.730  1.005  8.665  1.046  0.695  1.195
 2.5119  0.2223   0.009  0.042  1.217  4.678  4.852  1.555  3.232  5.324  2.298  5.535  0.084  0.214  3.343  2.854  2.657  1.666  1.029  0.845  3.088  0.039  0.060 -0.884 -3.875  0.860 -0.152  2.013  7.749  0.990  8.670  1.053  0.705  1.195
 2.8184  0.2223   0.018  0.051  1.278  4.889  5.082  1.608  3.315  5.538  2.176  5.643  0.089  0.224  3.489  2.923  2.730  1.719  1.047  0.863  3.183  0.040  0.062 -1.321 -4.415  0.657 -0.451  2.082  7.773  0.974  8.678  1.056  0.718  1.194
 3.1623  0.2223   0.031  0.063  1.345  5.109  5.368  1.670  3.418  5.817  2.038  5.755  0.097  0.236  3.649  3.012  2.817  1.789  1.075  0.893  3.300  0.040  0.064 -1.837 -5.017  0.429 -0.783  2.170  7.812  0.948  8.694  1.053  0.733  1.192
 3.5481  0.2223   0.042  0.074  1.407  5.299  5.608  1.727  3.506  6.058  1.923  5.883  0.102  0.246  3.792  3.089  2.894  1.849  1.098  0.914  3.390  0.040  0.065 -2.287 -5.533  0.234 -1.069  2.251  7.797  0.934  8.665  1.060  0.741  1.193
 3.9811  0.2223   0.050  0.082  1.456  5.417  5.792  1.759  3.567  6.208  1.847  5.945  0.106  0.253  3.893  3.147  2.950  1.888  1.111  0.926  3.477  0.041  0.065 -2.573 -5.854  0.089 -1.251  2.313  7.724  0.932  8.592  1.073  0.740  1.195
 4.4668  0.2223   0.054  0.086  1.495  5.530  5.918  1.791  3.616  6.302  1.779  5.993  0.110  0.259  3.965  3.183  2.988  1.919  1.122  0.935  3.535  0.041  0.065 -2.835 -6.144 -0.017 -1.413  2.361  7.763  0.915  8.614  1.064  0.751  1.193
 5.0119  0.2223   0.050  0.081  1.486  5.480  5.872  1.769  3.594  6.186  1.800  5.910  0.109  0.257  3.931  3.163  2.969  1.900  1.114  0.926  3.541  0.040  0.064 -2.683 -5.983  0.027 -1.338  2.332  7.710  0.922  8.568  1.066  0.747  1.192
 5.6234  0.2223   0.054  0.085  1.532  5.591  6.002  1.802  3.644  6.290  1.732  5.962  0.113  0.263  4.025  3.200  3.009  1.930  1.121  0.934  3.607  0.041  0.066 -2.944 -6.277 -0.080 -1.505  2.382  7.699  0.912  8.548  1.068  0.752  1.192
 6.3096  0.2223   0.056  0.086  1.581  5.693  6.105  1.832  3.687  6.368  1.669  6.034  0.116  0.270  4.128  3.233  3.044  1.956  1.125  0.935  3.669  0.041  0.067 -3.185 -6.551 -0.174 -1.664  2.428  7.680  0.903  8.519  1.070  0.757  1.192
 7.0795  0.2223   0.062  0.092  1.624  5.768  6.243  1.857  3.736  6.460  1.610  6.064  0.119  0.275  4.196  3.278  3.088  1.988  1.135  0.946  3.752  0.041  0.067 -3.397 -6.774 -0.275 -1.795  2.479  7.626  0.892  8.455  1.075  0.757  1.193
 7.9433  0.2223   0.068  0.099  1.679  5.854  6.403  1.888  3.796  6.577  1.542  6.111  0.124  0.283  4.278  3.331  3.141  2.027  1.148  0.959  3.847  0.042  0.068 -3.638 -7.029 -0.388 -1.939  2.536  7.587  0.834  8.362  1.080  0.755  1.195
 8.9125  0.2223   0.072  0.103  1.725  5.943  6.541  1.922  3.851  6.678  1.476  6.142  0.128  0.290  4.356  3.370  3.181  2.059  1.157  0.970  3.927  0.042  0.069 -3.898 -7.291 -0.478 -2.090  2.589  7.586  0.837  8.364  1.078  0.764  1.193
10.0000  0.2223   0.077  0.109  1.776  5.999  6.678  1.950  3.905  6.769  1.418  6.173  0.133  0.297  4.424  3.418  3.229  2.094  1.166  0.982  4.024  0.043  0.070 -4.098 -7.490 -0.568 -2.208  2.637  7.589  0.859  8.388  1.075  0.775  1.191
11.2202  0.2223   0.082  0.115  1.836  6.073  6.810  1.990  3.967  6.880  1.351  6.236  0.139  0.305  4.506  3.466  3.278  2.134  1.178  0.996  4.116  0.043  0.071 -4.350 -7.751 -0.649 -2.343  2.686  7.578  0.851  8.369  1.076  0.780  1.192
12.5893  0.2223   0.093  0.127  1.904  6.121  6.996  2.026  4.043  7.034  1.280  6.290  0.145  0.315  4.594  3.536  3.344  2.183  1.194  1.017  4.246  0.043  0.072 -4.612 -7.996 -0.771 -2.488  2.746  7.549  0.846  8.336  1.079  0.783  1.191
14.1254  0.2223   0.101  0.136  1.969  6.165  7.163  2.061  4.113  7.154  1.215  6.336  0.151  0.324  4.675  3.598  3.403  2.228  1.206  1.034  4.370  0.044  0.073 -4.857 -8.221 -0.870 -2.619  2.812  7.543  0.840  8.324  1.077  0.791  1.191
15.8489  0.2223   0.108  0.144  2.032  6.190  7.302  2.091  4.174  7.255  1.159  6.377  0.156  0.332  4.754  3.652  3.455  2.265  1.211  1.045  4.495  0.045  0.075 -5.046 -8.391 -0.951 -2.715  2.868  7.499  0.840  8.281  1.081  0.793  1.192
17.7828  0.2223   0.108  0.145  2.082  6.223  7.391  2.123  4.227  7.302  1.112  6.401  0.160  0.338  4.816  3.687  3.488  2.290  1.207  1.049  4.607  0.046  0.077 -5.228 -8.552 -0.998 -2.813  2.905  7.454  0.839  8.234  1.084  0.794  1.193
