 1.  -2.5 -0.2190E+00 -0.1286E+00 -0.3257E+00 -0.2893E+01 -0.2100E+01  0.9482E-02 -0.5002E+00  0.1782E+01  0.5356E+01  0.4521E+00  0.1024E-01  0.2512E-02  0.2586E+00 -0.1025E+01  0.3928E+00  0.6250E-01  0.6354E-01 -0.3091E+00  0.7940E+00  0.1528E-01 -0.7250E-03  0.8332E+01  0.8020E+01  0.6779E+01  0.6546E+01
 2.  -2.5 -0.1999E+00 -0.1229E+00 -0.2158E+00 -0.2242E+01 -0.1585E+01  0.3724E-01 -0.2510E+00  0.1199E+01  0.4816E+01  0.5994E+00  0.3009E-02  0.7184E-02  0.3013E+00 -0.7660E+00  0.4030E+00  0.8649E-01  0.4610E-01 -0.2924E+00  0.7692E+00  0.1601E-01  0.1187E-02  0.8106E+01  0.7371E+01  0.6222E+01  0.5942E+01
 3.  -2.5 -0.1906E+00 -0.1193E+00 -0.1492E+00 -0.1945E+01 -0.1338E+01  0.6420E-01 -0.1440E+00  0.1010E+01  0.4588E+01  0.6729E+00  0.6799E-03  0.7918E-02  0.2597E+00 -0.6526E+00  0.4405E+00  0.1151E+00  0.4864E-01 -0.2710E+00  0.7733E+00  0.1659E-01  0.2374E-02  0.7935E+01  0.7251E+01  0.5936E+01  0.5718E+01
 5.  -2.5 -0.1650E+00 -0.1066E+00 -0.2869E-01 -0.1167E+01 -0.7937E+00  0.1118E+00  0.4566E-01  0.6939E+00  0.3947E+01  0.7847E+00 -0.2128E-02  0.1367E-01  0.4039E+00 -0.4471E+00  0.4972E+00  0.1591E+00  0.5178E-01 -0.2424E+00  0.8213E+00  0.1747E-01  0.4282E-02  0.6867E+01  0.5734E+01  0.5114E+01  0.4785E+01
10.  -2.5 -0.1403E+00 -0.9152E-01  0.5867E-01 -0.3984E+00 -0.1042E+00  0.1538E+00  0.2207E+00  0.4793E+00  0.3178E+01  0.8883E+00 -0.1199E-02  0.1847E-01  0.5328E+00 -0.2139E+00  0.5537E+00  0.2101E+00  0.6363E-01 -0.2127E+00  0.9466E+00  0.1843E-01  0.6525E-02  0.5765E+01  0.3946E+01  0.4386E+01  0.3693E+01
12.  -2.5 -0.1197E+00 -0.7819E-01  0.9964E-01  0.2134E+00  0.3566E+00  0.1781E+00  0.3006E+00  0.4126E+00  0.2648E+01  0.9307E+00  0.3768E-04  0.1718E-01  0.4512E+00 -0.9997E-01  0.5807E+00  0.2328E+00  0.7370E-01 -0.2000E+00  0.9950E+00  0.1852E-01  0.7055E-02  0.4823E+01  0.2803E+01  0.3706E+01  0.2909E+01
 1.  -2.0 -0.2134E+00 -0.1240E+00 -0.2207E+00 -0.2499E+01 -0.1923E+01 -0.7111E-01 -0.1561E+00  0.4340E+00  0.5599E+01  0.4326E+00  0.9304E-02  0.1067E-01  0.3411E+00 -0.5971E+00  0.1994E+00 -0.8254E-02  0.8884E-01 -0.1632E+00  0.7530E+00  0.1451E-01 -0.1380E-02  0.8577E+01  0.8351E+01  0.6692E+01  0.6623E+01
 2.  -2.0 -0.1665E+00 -0.9720E-01 -0.7056E-01 -0.1002E+01 -0.1033E+01  0.6405E-01  0.3170E+00  0.2939E-01  0.4408E+01  0.9023E+00 -0.2120E-03  0.1539E-01  0.4498E+00 -0.1378E+00  0.3261E+00  0.6909E-01  0.1321E+00 -0.1073E+00  0.6633E+00  0.1498E-01  0.9256E-03  0.7472E+01  0.6389E+01  0.5473E+01  0.5240E+01
 3.  -2.0 -0.1580E+00 -0.9386E-01 -0.3361E-02 -0.7244E+00 -0.8499E+00  0.9516E-01  0.4177E+00 -0.8136E-01  0.4209E+01  0.9775E+00 -0.1443E-02  0.1887E-01  0.5356E+00 -0.6059E-01  0.3601E+00  0.8801E-01  0.1339E+00 -0.9652E-01  0.6859E+00  0.1536E-01  0.1778E-02  0.7154E+01  0.5917E+01  0.5199E+01  0.4942E+01
 5.  -2.0 -0.1315E+00 -0.7860E-01  0.1102E+00  0.6400E-01 -0.2999E+00  0.1745E+00  0.6279E+00 -0.1897E+00  0.3594E+01  0.1154E+01 -0.2741E-02  0.2517E-01  0.6647E+00  0.1289E+00  0.4512E+00  0.1447E+00  0.1554E+00 -0.6105E-01  0.7239E+00  0.1573E-01  0.3172E-02  0.5844E+01  0.4288E+01  0.4309E+01  0.3983E+01
10.  -2.0 -0.1063E+00 -0.6071E-01  0.1939E+00  0.7812E+00  0.3677E+00  0.2455E+00  0.8286E+00 -0.2180E+00  0.2898E+01  0.1351E+01 -0.1618E-02  0.2841E-01  0.7080E+00  0.3276E+00  0.5373E+00  0.2076E+00  0.1868E+00 -0.2835E-01  0.8019E+00  0.1604E-01  0.4789E-02  0.4673E+01  0.2653E+01  0.3573E+01  0.2984E+01
12.  -2.0 -0.9995E-01 -0.5296E-01  0.1931E+00  0.9593E+00  0.5365E+00  0.2667E+00  0.8501E+00 -0.8412E-01  0.2693E+01  0.1405E+01  0.1754E-02  0.2386E-01  0.5462E+00  0.3972E+00  0.5798E+00  0.2424E+00  0.2118E+00 -0.8705E-02  0.8401E+00  0.1615E-01  0.5591E-02  0.4531E+01  0.2576E+01  0.3444E+01  0.2780E+01
 1.  -1.5 -0.2116E+00 -0.1237E+00 -0.9659E-01 -0.2200E+01 -0.1639E+01 -0.7691E-01  0.2191E+00 -0.4248E+00  0.5786E+01  0.6530E+00  0.9794E-02  0.2211E-01  0.5382E+00 -0.1505E+00  0.1398E+00 -0.2734E-02  0.1507E+00 -0.3007E-01  0.7787E+00  0.1437E-01 -0.8887E-03  0.8959E+01  0.8732E+01  0.6759E+01  0.6762E+01
 2.  -1.5 -0.1445E+00 -0.8100E-01  0.1042E+00  0.2292E-01 -0.3090E+00  0.2068E+00  0.9165E+00 -0.3253E+00  0.4063E+01  0.1494E+01  0.5286E-02  0.3598E-01  0.8076E+00  0.4941E+00  0.4784E+00  0.2037E+00  0.2827E+00  0.9426E-01  0.7505E+00  0.1419E-01  0.1761E-02  0.6676E+01  0.5369E+01  0.4890E+01  0.4642E+01
 3.  -1.5 -0.1323E+00 -0.7506E-01  0.1772E+00  0.4129E+00 -0.7055E-01  0.2524E+00  0.1028E+01 -0.3570E+00  0.3813E+01  0.1578E+01  0.4751E-02  0.4064E-01  0.9052E+00  0.5619E+00  0.5226E+00  0.2247E+00  0.2850E+00  0.1042E+00  0.7859E+00  0.1454E-01  0.2723E-02  0.6009E+01  0.4547E+01  0.4434E+01  0.4183E+01
 5.  -1.5 -0.1028E+00 -0.5707E-01  0.2969E+00  0.1355E+01  0.5508E+00  0.3594E+00  0.1257E+01 -0.2996E+00  0.3094E+01  0.1801E+01  0.6167E-02  0.4911E-01  0.1054E+01  0.7455E+00  0.6397E+00  0.2945E+00  0.3148E+00  0.1386E+00  0.8489E+00  0.1516E-01  0.4909E-02  0.4309E+01  0.2385E+01  0.3351E+01  0.2944E+01
10.  -1.5 -0.6296E-01 -0.2737E-01  0.4301E+00  0.2527E+01  0.1345E+01  0.5123E+00  0.1586E+01 -0.8243E-01  0.2228E+01  0.2199E+01  0.1152E-01  0.5761E-01  0.1019E+01  0.1020E+01  0.8227E+00  0.4303E+00  0.3801E+00  0.2025E+00  0.9479E+00  0.1740E-01  0.1138E-01  0.2722E+01  0.2692E+00  0.2123E+01  0.1520E+01
12.  -1.5 -0.9262E-01 -0.4478E-01  0.3513E+00  0.1640E+01  0.9595E+00  0.4313E+00  0.1408E+01 -0.6657E-01  0.2722E+01  0.2053E+01  0.1442E-01  0.6046E-01  0.1090E+01  0.9210E+00  0.7846E+00  0.4171E+00  0.3687E+00  0.1936E+00  0.9907E+00  0.1830E-01  0.1307E-01  0.4111E+01  0.1894E+01  0.3207E+01  0.2539E+01
 1.  -1.0 -0.2053E+00 -0.1224E+00  0.6026E-01 -0.1738E+01 -0.1111E+01  0.3394E-01  0.6855E+00 -0.6947E+00  0.5859E+01  0.1172E+01  0.9514E-02  0.3876E-01  0.7605E+00  0.3366E+00  0.2814E+00  0.1068E+00  0.2525E+00  0.1156E+00  0.8787E+00  0.1478E-01  0.6985E-03  0.9291E+01  0.9064E+01  0.6707E+01  0.6820E+01
 2.  -1.0 -0.1119E+00 -0.5789E-01  0.3624E+00  0.1375E+01  0.8639E+00  0.5090E+00  0.1651E+01  0.2186E+00  0.3491E+01  0.2454E+01  0.2056E-01  0.7269E-01  0.1307E+01  0.1186E+01  0.8968E+00  0.5205E+00  0.4929E+00  0.3254E+00  0.1071E+01  0.1664E-01  0.9969E-02  0.5033E+01  0.3434E+01  0.3876E+01  0.3568E+01
 3.  -1.0 -0.9613E-01 -0.4860E-01  0.4365E+00  0.1929E+01  0.1207E+01  0.5760E+00  0.1775E+01  0.3248E+00  0.3100E+01  0.2571E+01  0.2207E-01  0.7810E-01  0.1412E+01  0.1270E+01  0.9653E+00  0.5582E+00  0.4994E+00  0.3356E+00  0.1128E+01  0.1807E-01  0.1292E-01  0.3980E+01  0.2094E+01  0.3229E+01  0.2817E+01
 5.  -1.0 -0.7016E-01 -0.3180E-01  0.5656E+00  0.2809E+01  0.1808E+01  0.6920E+00  0.1980E+01  0.5725E+00  0.2476E+01  0.2796E+01  0.2736E-01  0.8931E-01  0.1583E+01  0.1435E+01  0.1104E+01  0.6523E+00  0.5285E+00  0.3705E+00  0.1270E+01  0.2134E-01  0.2032E-01  0.2247E+01 -0.1478E+00  0.2177E+01  0.1542E+01
10.  -1.0 -0.3538E-01 -0.4864E-02  0.7570E+00  0.3940E+01  0.2637E+01  0.9002E+00  0.2331E+01  0.1169E+01  0.1887E+01  0.3363E+01  0.4043E-01  0.1196E+00  0.1968E+01  0.1752E+01  0.1386E+01  0.8605E+00  0.5916E+00  0.4512E+00  0.1549E+01  0.3210E-01  0.4387E-01  0.7451E+00 -0.2456E+01  0.1159E+01  0.1626E+00
12.  -1.0 -0.4792E-01 -0.1420E-01  0.6855E+00  0.3513E+01  0.2338E+01  0.8299E+00  0.2212E+01  0.9898E+00  0.2104E+01  0.3251E+01  0.3621E-01  0.1190E+00  0.1938E+01  0.1658E+01  0.1305E+01  0.7947E+00  0.5592E+00  0.4205E+00  0.1507E+01  0.3175E-01  0.4201E-01  0.1482E+01 -0.1471E+01  0.1586E+01  0.7305E+00
 1.  -0.5 -0.1823E+00 -0.1083E+00  0.2405E+00 -0.8672E+00 -0.3942E+00  0.2658E+00  0.1198E+01 -0.2082E+00  0.5645E+01  0.1997E+01  0.1046E-01  0.6095E-01  0.1003E+01  0.8370E+00  0.6101E+00  0.3240E+00  0.4012E+00  0.2776E+00  0.1037E+01  0.1784E-01  0.7333E-02  0.9041E+01  0.8515E+01  0.6289E+01  0.6405E+01
 2.  -0.5 -0.7990E-01 -0.3101E-01  0.6078E+00  0.2354E+01  0.1876E+01  0.8385E+00  0.2242E+01  0.1504E+01  0.3144E+01  0.3526E+01  0.3778E-01  0.1168E+00  0.1821E+01  0.1743E+01  0.1397E+01  0.9048E+00  0.6872E+00  0.5363E+00  0.1551E+01  0.2628E-01  0.3047E-01  0.3765E+01  0.1693E+01  0.3192E+01  0.2669E+01
 3.  -0.5 -0.5018E-01 -0.9613E-02  0.7330E+00  0.3337E+01  0.2584E+01  0.9908E+00  0.2481E+01  0.1973E+01  0.2519E+01  0.3874E+01  0.4459E-01  0.1308E+00  0.2052E+01  0.1945E+01  0.1568E+01  0.1016E+01  0.7306E+00  0.5710E+00  0.1696E+01  0.2902E-01  0.3635E-01  0.1795E+01 -0.7597E+00  0.2073E+01  0.1320E+01
 5.  -0.5 -0.3278E-01  0.2335E-02  0.8416E+00  0.3958E+01  0.3037E+01  0.1084E+01  0.2618E+01  0.2245E+01  0.2166E+01  0.4080E+01  0.4901E-01  0.1414E+00  0.2227E+01  0.2064E+01  0.1674E+01  0.1076E+01  0.7401E+00  0.5801E+00  0.1822E+01  0.3219E-01  0.4210E-01  0.7147E+00 -0.2209E+01  0.1396E+01  0.4575E+00
10.  -0.5 -0.3863E-02  0.2579E-01  0.1040E+01  0.4951E+01  0.3932E+01  0.1291E+01  0.2920E+01  0.2876E+01  0.1716E+01  0.4546E+01  0.6374E-01  0.1765E+00  0.2813E+01  0.2338E+01  0.1928E+01  0.1253E+01  0.7938E+00  0.6338E+00  0.2097E+01  0.3839E-01  0.5556E-01 -0.1016E+01 -0.4604E+01  0.5152E+00 -0.8558E+00
12.  -0.5 -0.1927E-03  0.2856E-01  0.1072E+01  0.5127E+01  0.4106E+01  0.1333E+01  0.2974E+01  0.3018E+01  0.1650E+01  0.4647E+01  0.6630E-01  0.1839E+00  0.2944E+01  0.2392E+01  0.1980E+01  0.1281E+01  0.7949E+00  0.6382E+00  0.2173E+01  0.4054E-01  0.5985E-01 -0.1334E+01 -0.4972E+01  0.3522E+00 -0.1062E+01
 1.   0.0 -0.1334E+00 -0.7491E-01  0.4711E+00  0.8173E+00  0.9912E+00  0.7046E+00  0.1905E+01  0.1494E+01  0.4757E+01  0.3232E+01  0.2116E-01  0.9250E-01  0.1409E+01  0.1526E+01  0.1300E+01  0.7381E+00  0.6428E+00  0.4864E+00  0.1587E+01  0.1929E-01  0.1242E-01  0.7242E+01  0.6082E+01  0.4984E+01  0.4969E+01
 2.   0.0 -0.3599E-01  0.5526E-02  0.8562E+00  0.3477E+01  0.3332E+01  0.1249E+01  0.2825E+01  0.3661E+01  0.2687E+01  0.4658E+01  0.6115E-01  0.1626E+00  0.2365E+01  0.2355E+01  0.2094E+01  0.1347E+01  0.9059E+00  0.7406E+00  0.2381E+01  0.3047E-01  0.4023E-01  0.1800E+01 -0.7531E+00  0.2117E+01  0.1365E+01
 3.   0.0 -0.3755E-03  0.3624E-01  0.1046E+01  0.4397E+01  0.4341E+01  0.1450E+01  0.3131E+01  0.4451E+01  0.2166E+01  0.5135E+01  0.7654E-01  0.1947E+00  0.2832E+01  0.2613E+01  0.2351E+01  0.1541E+01  0.9634E+00  0.8056E+00  0.2658E+01  0.3775E-01  0.5629E-01 -0.1387E+00 -0.3218E+01  0.1161E+01  0.7695E-01
 5.   0.0  0.2030E-01  0.5277E-01  0.1189E+01  0.5071E+01  0.4956E+01  0.1579E+01  0.3308E+01  0.4894E+01  0.1874E+01  0.5400E+01  0.8480E-01  0.2168E+00  0.3264E+01  0.2767E+01  0.2490E+01  0.1632E+01  0.9974E+00  0.8227E+00  0.2824E+01  0.3836E-01  0.5796E-01 -0.1424E+01 -0.4874E+01  0.5074E+00 -0.8408E+00
10.   0.0  0.5120E-01  0.8202E-01  0.1416E+01  0.5802E+01  0.5837E+01  0.1770E+01  0.3588E+01  0.5470E+01  0.1493E+01  0.5679E+01  0.1040E+00  0.2535E+00  0.3760E+01  0.3005E+01  0.2723E+01  0.1814E+01  0.1061E+01  0.8762E+00  0.3161E+01  0.3833E-01  0.5821E-01 -0.3143E+01 -0.6780E+01 -0.2406E+00 -0.1896E+01
12.   0.0  0.6650E-01  0.9843E-01  0.1505E+01  0.5991E+01  0.6146E+01  0.1854E+01  0.3711E+01  0.5782E+01  0.1381E+01  0.5845E+01  0.1124E+00  0.2681E+00  0.3902E+01  0.3106E+01  0.2825E+01  0.1902E+01  0.1085E+01  0.9112E+00  0.3305E+01  0.4164E-01  0.6566E-01 -0.3743E+01 -0.7350E+01 -0.4797E+00 -0.2190E+01
 1.   0.5 -0.7979E-01 -0.3679E-01  0.7585E+00  0.2739E+01  0.2669E+01  0.1269E+01  0.2658E+01  0.4180E+01  0.3641E+01  0.4679E+01  0.4490E-01  0.1329E+00  0.1889E+01  0.2222E+01  0.2228E+01  0.1299E+01  0.9514E+00  0.6997E+00  0.2433E+01  0.2222E-01  0.2386E-01  0.4249E+01  0.2298E+01  0.3183E+01  0.2906E+01
 2.   0.5  0.6404E-02  0.4108E-01  0.1202E+01  0.4633E+01  0.5393E+01  0.1750E+01  0.3458E+01  0.6562E+01  0.2301E+01  0.5893E+01  0.9605E-01  0.2276E+00  0.3168E+01  0.2960E+01  0.2998E+01  0.1907E+01  0.1171E+01  0.9480E+00  0.3525E+01  0.3860E-01  0.6321E-01 -0.5302E+00 -0.3515E+01  0.1146E+01  0.5762E-01
 3.   0.5  0.4876E-01  0.8134E-01  0.1441E+01  0.5397E+01  0.6298E+01  0.1953E+01  0.3775E+01  0.7534E+01  0.1875E+01  0.6276E+01  0.1194E+00  0.2669E+00  0.3699E+01  0.3212E+01  0.3279E+01  0.2135E+01  0.1249E+01  0.1031E+01  0.3928E+01  0.4242E-01  0.7371E-01 -0.2258E+01 -0.5665E+01  0.3267E+00 -0.1098E+01
 5.   0.5  0.9551E-01  0.1288E+00  0.1718E+01  0.6035E+01  0.7239E+01  0.2170E+01  0.4106E+01  0.8592E+01  0.1511E+01  0.6676E+01  0.1424E+00  0.3099E+00  0.4302E+01  0.3486E+01  0.3563E+01  0.2365E+01  0.1314E+01  0.1105E+01  0.4360E+01  0.4729E-01  0.8451E-01 -0.4105E+01 -0.7606E+01 -0.4639E+00 -0.2149E+01
10.   0.5  0.1437E+00  0.1815E+00  0.2028E+01  0.6344E+01  0.8080E+01  0.2359E+01  0.4415E+01  0.9343E+01  0.1190E+01  0.6872E+01  0.1709E+00  0.3562E+00  0.4778E+01  0.3736E+01  0.3822E+01  0.2575E+01  0.1374E+01  0.1173E+01  0.4882E+01  0.4857E-01  0.8774E-01 -0.5625E+01 -0.8977E+01 -0.1080E+01 -0.2918E+01
12.   0.5  0.1787E+00  0.2207E+00  0.2196E+01  0.6323E+01  0.8402E+01  0.2442E+01  0.4564E+01  0.9758E+01  0.1084E+01  0.6995E+01  0.1858E+00  0.3774E+00  0.4919E+01  0.3865E+01  0.3944E+01  0.2673E+01  0.1403E+01  0.1226E+01  0.5152E+01  0.5079E-01  0.9345E-01 -0.6100E+01 -0.9372E+01 -0.1308E+01 -0.3121E+01
